1 220.93 4.42812 1.79769e+308 1.79769e+308 inf inf
2 2.10887 0.649786 1.79769e+308 1.79769e+308 inf inf
3 0.517011 0.331041 0.649786 0.0243754 505.831 97.9707
4 0.298474 0.286745 0.331041 0.0171604 361.045 82.2022
5 0.220703 0.182047 0.286745 0.011242 336.022 66.5338
6 0.1634 0.1136 0.182047 0.00782472 267.739 55.5079
7 0.116202 0.125379 0.1136 0.005805 211.499 47.8103
8 0.086991 0.0746501 0.1136 0.005805 211.499 47.8103
9 0.0792779 0.0745489 0.0746501 0.00381352 171.449 38.7511
10 0.0804115 0.0773904 0.0745489 0.00314999 171.333 35.2188
11 0.0595561 0.0496577 0.0745489 0.00314999 171.333 35.2188
12 0.0497483 0.0479818 0.0496577 0.00234469 139.834 30.3852
13 0.0511749 0.0434843 0.0479818 0.00201056 137.454 28.1371
14 0.0614563 0.080347 0.0434843 0.00177107 130.854 26.4081
15 0.0482617 0.0357521 0.0434843 0.00177107 130.854 26.4081
16 0.0272874 0.0280509 0.0357521 0.00145822 118.651 23.9625
17 0.0408772 0.0294584 0.0280509 0.00126613 105.098 22.3285
18 0.0274808 0.0805978 0.0280509 0.00126613 105.098 22.3285
19 0.0341578 0.018377 0.0280509 0.00126613 105.098 22.3285
20 0.0220822 0.0161249 0.018377 0.000962439 85.0663 19.4674
21 0.0299206 0.0346099 0.0161249 0.000864184 79.6836 18.4469
22 0.019504 0.0226502 0.0161249 0.000864184 79.6836 18.4469
23 0.0414909 0.0230172 0.0161249 0.000864184 79.6836 18.4469
24 0.0753635 0.0113103 0.0161249 0.000864184 79.6836 18.4469
25 0.0141483 0.0135137 0.0113103 0.000603612 66.7356 15.417
26 0.0125574 0.0469928 0.0113103 0.000603612 66.7356 15.417
27 0.0329863 0.0236967 0.0113103 0.000603612 66.7356 15.417
28 0.0183822 0.0445825 0.0113103 0.000603612 66.7356 15.417
29 0.0269453 0.00771734 0.0113103 0.000603612 66.7356 15.417
30 0.0311911 0.106712 0.00771734 0.000388025 55.1257 12.3609
31 0.0464571 0.0108611 0.00771734 0.000388025 55.1257 12.3609
32 0.0200476 0.0161598 0.00771734 0.000388025 55.1257 12.3609
33 0.0774469 0.107224 0.00771734 0.000388025 55.1257 12.3609
34 0.0234755 0.00596598 0.00771734 0.000388025 55.1257 12.3609
35 0.0118093 0.00792326 0.00596598 0.000270313 48.4687 10.317
36 0.0339275 0.00789853 0.00596598 0.000270313 48.4687 10.317
37 0.269741 0.0182103 0.00596598 0.000270313 48.4687 10.317
38 0.0544897 0.116244 0.00596598 0.000270313 48.4687 10.317
39 0.0369033 0.0377007 0.00596598 0.000270313 48.4687 10.317
40 0.0672304 0.023668 0.00596598 0.000270313 48.4687 10.317
41 0.189334 1.07838 0.00596598 0.000270313 48.4687 10.317
42 0.180004 0.0219279 0.00596598 0.000270313 48.4687 10.317
43 0.0183346 0.0496843 0.00596598 0.000270313 48.4687 10.317
44 0.0513223 0.0131784 0.00596598 0.000270313 48.4687 10.317
45 0.0121453 0.0173976 0.00596598 0.000270313 48.4687 10.317
46 0.0470521 0.13155 0.00596598 0.000270313 48.4687 10.317
47 0.0522341 0.111701 0.00596598 0.000270313 48.4687 10.317
48 0.306869 0.0207552 0.00596598 0.000270313 48.4687 10.317
49 0.0392392 0.163637 0.00596598 0.000270313 48.4687 10.317
50 0.334351 0.0460115 0.00596598 0.000270313 48.4687 10.317
51 0.0394357 0.00452371 0.00596598 0.000270313 48.4687 10.317
52 0.0785339 0.010306 0.00452371 0.000103139 42.2054 6.37282
53 0.0865753 0.191554 0.00452371 0.000103139 42.2054 6.37282
54 0.34605 0.00614861 0.00452371 0.000103139 42.2054 6.37282
55 0.0121117 0.127866 0.00452371 0.000103139 42.2054 6.37282
56 0.108513 0.318823 0.00452371 0.000103139 42.2054 6.37282
57 1.63844 0.0336849 0.00452371 0.000103139 42.2054 6.37282
58 0.0175163 0.0105198 0.00452371 0.000103139 42.2054 6.37282
59 0.00728758 0.0170645 0.00452371 0.000103139 42.2054 6.37282
60 0.00622238 0.00373159 0.00452371 0.000103139 42.2054 6.37282
61 0.0295139 0.0818664 0.00373159 7.28342e-05 38.3325 5.35535
62 0.0816986 0.0326194 0.00373159 7.28342e-05 38.3325 5.35535
63 0.0199026 0.0114478 0.00373159 7.28342e-05 38.3325 5.35535
64 0.020448 0.00301419 0.00373159 7.28342e-05 38.3325 5.35535
65 0.405984 2.28684 0.00301419 6.36479e-05 34.4513 5.00625
66 1.36205 0.0130857 0.00301419 6.36479e-05 34.4513 5.00625
67 0.00838167 0.00292596 0.00301419 6.36479e-05 34.4513 5.00625
68 0.00609953 0.00235413 0.00292596 6.06015e-05 33.9433 4.88497
69 0.00590759 0.00290082 0.00235413 5.47037e-05 30.4464 4.64118
70 0.0130301 0.00544415 0.00235413 5.47037e-05 30.4464 4.64118
71 0.00446742 0.032945 0.00235413 5.47037e-05 30.4464 4.64118
72 0.0123846 0.00230362 0.00235413 5.47037e-05 30.4464 4.64118
73 0.189645 0.0427909 0.00230362 4.67565e-05 30.1179 4.29083
74 0.389705 1.34109 0.00230362 4.67565e-05 30.1179 4.29083
75 0.270588 0.113753 0.00230362 4.67565e-05 30.1179 4.29083
76 0.0488842 0.00401574 0.00230362 4.67565e-05 30.1179 4.29083
77 0.312581 0.0140256 0.00230362 4.67565e-05 30.1179 4.29083
78 2.86464 1.17664 0.00230362 4.67565e-05 30.1179 4.29083
79 0.103371 0.00225967 0.00230362 4.67565e-05 30.1179 4.29083
80 0.00349426 0.00759822 0.00225967 5.01955e-05 29.8293 4.44583
81 0.00307446 0.00421412 0.00225967 5.01955e-05 29.8293 4.44583
82 0.00366487 0.00226945 0.00225967 5.01955e-05 29.8293 4.44583
83 0.00243168 0.00233135 0.00225967 5.01955e-05 29.8293 4.44583
84 0.00871148 0.00487096 0.00225967 5.01955e-05 29.8293 4.44583
85 0.00373601 0.00188296 0.00225967 5.01955e-05 29.8293 4.44583
86 0.00241026 0.00911021 0.00188296 3.58944e-05 27.2296 3.75953
87 0.0730693 1.151 0.00188296 3.58944e-05 27.2296 3.75953
88 0.427589 0.00275912 0.00188296 3.58944e-05 27.2296 3.75953
89 0.00525296 0.0108525 0.00188296 3.58944e-05 27.2296 3.75953
90 0.00948389 0.0319478 0.00188296 3.58944e-05 27.2296 3.75953
91 0.607947 0.0232267 0.00188296 3.58944e-05 27.2296 3.75953
92 0.0804345 0.0494332 0.00188296 3.58944e-05 27.2296 3.75953
93 0.0107493 0.0165377 0.00188296 3.58944e-05 27.2296 3.75953
94 0.0422872 0.0338574 0.00188296 3.58944e-05 27.2296 3.75953
95 0.0120001 0.0447875 0.00188296 3.58944e-05 27.2296 3.75953
96 0.778619 0.177234 0.00188296 3.58944e-05 27.2296 3.75953
97 0.117354 0.0130153 0.00188296 3.58944e-05 27.2296 3.75953
98 0.0053493 0.00812449 0.00188296 3.58944e-05 27.2296 3.75953
99 0.0366851 0.308185 0.00188296 3.58944e-05 27.2296 3.75953
100 0.199525 0.00399102 0.00188296 3.58944e-05 27.2296 3.75953
101 0.0385359 0.0862003 0.00188296 3.58944e-05 27.2296 3.75953
102 0.350475 0.0780316 0.00188296 3.58944e-05 27.2296 3.75953
103 0.320414 0.433898 0.00188296 3.58944e-05 27.2296 3.75953
104 0.2222 0.0197545 0.00188296 3.58944e-05 27.2296 3.75953
105 0.0369065 0.00173813 0.00188296 3.58944e-05 27.2296 3.75953
106 0.0601295 0.0688563 0.00173813 2.46625e-05 26.1614 3.11629
107 0.228293 0.0868795 0.00173813 2.46625e-05 26.1614 3.11629
108 0.408405 1.60596 0.00173813 2.46625e-05 26.1614 3.11629
109 0.208658 0.0568342 0.00173813 2.46625e-05 26.1614 3.11629
110 0.0337892 0.00401138 0.00173813 2.46625e-05 26.1614 3.11629
111 0.169814 0.367021 0.00173813 2.46625e-05 26.1614 3.11629
112 0.845476 0.326771 0.00173813 2.46625e-05 26.1614 3.11629
113 0.0622209 0.00779497 0.00173813 2.46625e-05 26.1614 3.11629
114 0.0139599 0.0118776 0.00173813 2.46625e-05 26.1614 3.11629
115 0.00731036 0.00198595 0.00173813 2.46625e-05 26.1614 3.11629
116 0.0305819 0.0375837 0.00173813 2.46625e-05 26.1614 3.11629
117 0.443637 6.60108 0.00173813 2.46625e-05 26.1614 3.11629
118 0.554128 0.0273481 0.00173813 2.46625e-05 26.1614 3.11629
119 0.0175304 0.0127296 0.00173813 2.46625e-05 26.1614 3.11629
120 0.00530233 0.0240338 0.00173813 2.46625e-05 26.1614 3.11629
121 0.00510359 0.00202737 0.00173813 2.46625e-05 26.1614 3.11629
122 0.00170717 0.0143923 0.00173813 2.46625e-05 26.1614 3.11629
123 0.0108522 0.0231943 0.00173813 2.46625e-05 26.1614 3.11629
124 0.0226076 0.0476765 0.00173813 2.46625e-05 26.1614 3.11629
125 0.968657 0.121527 0.00173813 2.46625e-05 26.1614 3.11629
126 0.0393107 0.00299238 0.00173813 2.46625e-05 26.1614 3.11629
127 0.00308118 0.00135046 0.00173813 2.46625e-05 26.1614 3.11629
128 0.00242219 0.00307698 0.00135046 1.88359e-05 23.0601 2.72342
129 0.00184228 0.00143309 0.00135046 1.88359e-05 23.0601 2.72342
130 1.03023 2.07032 0.00135046 1.88359e-05 23.0601 2.72342
131 0.689569 0.0842956 0.00135046 1.88359e-05 23.0601 2.72342
132 0.0130151 0.00194768 0.00135046 1.88359e-05 23.0601 2.72342
133 0.0013391 0.00193582 0.00135046 1.88359e-05 23.0601 2.72342
134 0.00246586 0.00242792 0.00135046 1.88359e-05 23.0601 2.72342
135 0.00184098 0.00189458 0.00135046 1.88359e-05 23.0601 2.72342
136 0.00126566 0.00268617 0.00135046 1.88359e-05 23.0601 2.72342
137 0.00181757 0.00125736 0.00135046 1.88359e-05 23.0601 2.72342
138 0.00208619 0.00624413 0.00125736 1.66397e-05 22.251 2.55973
139 0.00571749 0.00795072 0.00125736 1.66397e-05 22.251 2.55973
140 0.102903 0.807362 0.00125736 1.66397e-05 22.251 2.55973
141 0.189901 0.0119468 0.00125736 1.66397e-05 22.251 2.55973
142 0.0371768 0.0543459 0.00125736 1.66397e-05 22.251 2.55973
143 0.457898 0.0156951 0.00125736 1.66397e-05 22.251 2.55973
144 0.0142707 0.00241538 0.00125736 1.66397e-05 22.251 2.55973
145 0.00708058 0.00237826 0.00125736 1.66397e-05 22.251 2.55973
146 0.0605868 0.00484777 0.00125736 1.66397e-05 22.251 2.55973
147 0.0606058 0.0613659 0.00125736 1.66397e-05 22.251 2.55973
148 0.16429 0.189331 0.00125736 1.66397e-05 22.251 2.55973
149 0.194119 1.11216 0.00125736 1.66397e-05 22.251 2.55973
150 0.304635 0.0692734 0.00125736 1.66397e-05 22.251 2.55973
151 0.00729397 0.000677793 0.00125736 1.66397e-05 22.251 2.55973
152 0.00163546 0.00104862 0.000677793 1.48688e-05 16.3369 2.41968
153 0.00794624 0.000795952 0.000677793 1.48688e-05 16.3369 2.41968
154 0.00353547 0.00896317 0.000677793 1.48688e-05 16.3369 2.41968
155 0.747526 5.90476 0.000677793 1.48688e-05 16.3369 2.41968
156 0.929757 0.0741413 0.000677793 1.48688e-05 16.3369 2.41968
157 0.0148292 0.00222148 0.000677793 1.48688e-05 16.3369 2.41968
158 0.00114511 0.000896067 0.000677793 1.48688e-05 16.3369 2.41968
159 0.00115005 0.000761343 0.000677793 1.48688e-05 16.3369 2.41968
160 0.00105119 0.00100605 0.000677793 1.48688e-05 16.3369 2.41968
161 0.000929723 0.000549128 0.000677793 1.48688e-05 16.3369 2.41968
162 0.000896786 0.000511036 0.000549128 1.45089e-05 14.7047 2.39022
163 0.00156955 0.00368528 0.000511036 1.38039e-05 14.1855 2.33143
164 0.00353029 0.0331941 0.000511036 1.38039e-05 14.1855 2.33143
165 0.00961972 0.00365028 0.000511036 1.38039e-05 14.1855 2.33143
166 0.0111803 0.0489871 0.000511036 1.38039e-05 14.1855 2.33143
167 0.158701 0.0478581 0.000511036 1.38039e-05 14.1855 2.33143
168 0.282966 0.0217214 0.000511036 1.38039e-05 14.1855 2.33143
169 0.00644828 0.00152722 0.000511036 1.38039e-05 14.1855 2.33143
170 0.0019507 0.000616663 0.000511036 1.38039e-05 14.1855 2.33143
171 0.00460174 0.00429466 0.000511036 1.38039e-05 14.1855 2.33143
172 0.869012 1.13923 0.000511036 1.38039e-05 14.1855 2.33143
173 0.108189 0.00164149 0.000511036 1.38039e-05 14.1855 2.33143
174 0.00166719 0.000800469 0.000511036 1.38039e-05 14.1855 2.33143
175 0.00254457 0.000693195 0.000511036 1.38039e-05 14.1855 2.33143
176 0.00284679 0.00469264 0.000511036 1.38039e-05 14.1855 2.33143
177 0.00244395 0.00328615 0.000511036 1.38039e-05 14.1855 2.33143
178 0.00148514 0.000541998 0.000511036 1.38039e-05 14.1855 2.33143
179 0.002266 0.0178125 0.000511036 1.38039e-05 14.1855 2.33143
180 0.0441694 2.55074 0.000511036 1.38039e-05 14.1855 2.33143
181 1.38068 0.0673518 0.000511036 1.38039e-05 14.1855 2.33143
182 0.0117934 0.00402864 0.000511036 1.38039e-05 14.1855 2.33143
183 0.00135556 0.000694878 0.000511036 1.38039e-05 14.1855 2.33143
184 0.00122877 0.000691557 0.000511036 1.38039e-05 14.1855 2.33143
185 0.000855258 0.000730322 0.000511036 1.38039e-05 14.1855 2.33143
186 0.00103078 0.000672869 0.000511036 1.38039e-05 14.1855 2.33143
187 0.00159818 0.000419138 0.000511036 1.38039e-05 14.1855 2.33143
188 0.00119925 0.00108052 0.000419138 1.12481e-05 12.8469 2.10456
189 0.000887428 0.000930105 0.000419138 1.12481e-05 12.8469 2.10456
190 0.00092341 0.000757153 0.000419138 1.12481e-05 12.8469 2.10456
191 0.00161356 0.00274685 0.000419138 1.12481e-05 12.8469 2.10456
192 0.00639503 0.00420722 0.000419138 1.12481e-05 12.8469 2.10456
193 0.0471707 0.00149951 0.000419138 1.12481e-05 12.8469 2.10456
194 0.0611854 0.0911195 0.000419138 1.12481e-05 12.8469 2.10456
195 0.154049 0.0100301 0.000419138 1.12481e-05 12.8469 2.10456
196 0.0139733 0.00195893 0.000419138 1.12481e-05 12.8469 2.10456
197 0.00288824 0.00475341 0.000419138 1.12481e-05 12.8469 2.10456
198 0.05278 0.071323 0.000419138 1.12481e-05 12.8469 2.10456
199 0.271021 0.0331851 0.000419138 1.12481e-05 12.8469 2.10456
200 0.0195361 0.00303897 0.000419138 1.12481e-05 12.8469 2.10456
201 0.00340245 0.00207653 0.000419138 1.12481e-05 12.8469 2.10456
202 0.0156991 0.0210355 0.000419138 1.12481e-05 12.8469 2.10456
203 0.0592089 0.719253 0.000419138 1.12481e-05 12.8469 2.10456
204 0.0959096 0.000915963 0.000419138 1.12481e-05 12.8469 2.10456
205 0.0295428 0.114291 0.000419138 1.12481e-05 12.8469 2.10456
206 0.0654595 0.0504394 0.000419138 1.12481e-05 12.8469 2.10456
207 0.0475524 0.00764191 0.000419138 1.12481e-05 12.8469 2.10456
208 0.115367 0.0122248 0.000419138 1.12481e-05 12.8469 2.10456
209 0.0316443 0.0130282 0.000419138 1.12481e-05 12.8469 2.10456
210 0.0161258 0.00829214 0.000419138 1.12481e-05 12.8469 2.10456
211 0.095641 0.0101215 0.000419138 1.12481e-05 12.8469 2.10456
212 0.0078784 0.0736923 0.000419138 1.12481e-05 12.8469 2.10456
213 0.116136 0.199783 0.000419138 1.12481e-05 12.8469 2.10456
214 0.0300325 0.0660907 0.000419138 1.12481e-05 12.8469 2.10456
215 0.156116 0.212062 0.000419138 1.12481e-05 12.8469 2.10456
216 0.0825509 0.000519709 0.000419138 1.12481e-05 12.8469 2.10456
217 0.00163238 0.00155792 0.000419138 1.12481e-05 12.8469 2.10456
218 0.00442574 0.00327284 0.000419138 1.12481e-05 12.8469 2.10456
219 0.243336 0.00108489 0.000419138 1.12481e-05 12.8469 2.10456
220 0.00687571 0.00208204 0.000419138 1.12481e-05 12.8469 2.10456
221 0.00195338 0.00582244 0.000419138 1.12481e-05 12.8469 2.10456
222 0.00599877 0.00171996 0.000419138 1.12481e-05 12.8469 2.10456
223 0.121355 0.0238905 0.000419138 1.12481e-05 12.8469 2.10456
224 0.0719646 0.00184361 0.000419138 1.12481e-05 12.8469 2.10456
225 0.00435064 0.00115055 0.000419138 1.12481e-05 12.8469 2.10456
226 0.0416959 0.0368239 0.000419138 1.12481e-05 12.8469 2.10456
227 0.0295718 0.00141886 0.000419138 1.12481e-05 12.8469 2.10456
228 0.0505468 1.41262 0.000419138 1.12481e-05 12.8469 2.10456
229 0.993772 0.0402384 0.000419138 1.12481e-05 12.8469 2.10456
230 0.00654109 0.000413399 0.000419138 1.12481e-05 12.8469 2.10456
231 0.000648672 0.000408929 0.000413399 1.06258e-05 12.7587 2.04551
232 0.000872643 0.000331364 0.000408929 1.00061e-05 12.6895 1.98496
233 0.00123055 0.000523902 0.000331364 9.18647e-06 11.4228 1.90193
234 0.000789249 0.000993812 0.000331364 9.18647e-06 11.4228 1.90193
235 0.000617177 0.000703034 0.000331364 9.18647e-06 11.4228 1.90193
236 0.000790216 0.001565 0.000331364 9.18647e-06 11.4228 1.90193
237 0.00262658 0.00252254 0.000331364 9.18647e-06 11.4228 1.90193
238 0.0030994 0.000555437 0.000331364 9.18647e-06 11.4228 1.90193
239 0.0218052 0.0062346 0.000331364 9.18647e-06 11.4228 1.90193
240 0.00849487 0.000807814 0.000331364 9.18647e-06 11.4228 1.90193
241 0.0137131 0.0605088 0.000331364 9.18647e-06 11.4228 1.90193
242 0.0200095 0.0013236 0.000331364 9.18647e-06 11.4228 1.90193
243 0.01367 0.0122433 0.000331364 9.18647e-06 11.4228 1.90193
244 0.039637 0.000542313 0.000331364 9.18647e-06 11.4228 1.90193
245 0.200085 0.0281173 0.000331364 9.18647e-06 11.4228 1.90193
246 0.0774146 0.00110635 0.000331364 9.18647e-06 11.4228 1.90193
247 0.00986674 0.00245429 0.000331364 9.18647e-06 11.4228 1.90193
248 0.0191031 0.0644059 0.000331364 9.18647e-06 11.4228 1.90193
249 0.043452 0.0292546 0.000331364 9.18647e-06 11.4228 1.90193
250 0.0139581 0.00240873 0.000331364 9.18647e-06 11.4228 1.90193
251 0.00503151 0.000842915 0.000331364 9.18647e-06 11.4228 1.90193
252 0.127984 0.232015 0.000331364 9.18647e-06 11.4228 1.90193
253 0.0479119 0.00092978 0.000331364 9.18647e-06 11.4228 1.90193
254 0.00146899 0.00052782 0.000331364 9.18647e-06 11.4228 1.90193
255 0.00183223 0.0149771 0.000331364 9.18647e-06 11.4228 1.90193
256 0.0162558 0.0851057 0.000331364 9.18647e-06 11.4228 1.90193
257 0.351284 0.0205569 0.000331364 9.18647e-06 11.4228 1.90193
258 0.00703795 0.00236593 0.000331364 9.18647e-06 11.4228 1.90193
259 0.000745736 0.00136664 0.000331364 9.18647e-06 11.4228 1.90193
260 0.00117399 0.00496754 0.000331364 9.18647e-06 11.4228 1.90193
261 0.0025132 0.00135095 0.000331364 9.18647e-06 11.4228 1.90193
262 0.000965434 0.00193678 0.000331364 9.18647e-06 11.4228 1.90193
263 0.150742 0.0208647 0.000331364 9.18647e-06 11.4228 1.90193
264 0.05476 0.00233199 0.000331364 9.18647e-06 11.4228 1.90193
265 0.00121004 0.000791809 0.000331364 9.18647e-06 11.4228 1.90193
266 0.00122301 0.00158179 0.000331364 9.18647e-06 11.4228 1.90193
267 0.00479648 0.00135722 0.000331364 9.18647e-06 11.4228 1.90193
268 0.00257568 0.00198118 0.000331364 9.18647e-06 11.4228 1.90193
269 0.072767 0.00241068 0.000331364 9.18647e-06 11.4228 1.90193
270 0.00515124 0.00458586 0.000331364 9.18647e-06 11.4228 1.90193
271 0.0764868 0.118146 0.000331364 9.18647e-06 11.4228 1.90193
272 0.0822623 0.0323302 0.000331364 9.18647e-06 11.4228 1.90193
273 0.00767749 0.00223397 0.000331364 9.18647e-06 11.4228 1.90193
274 0.019032 0.00719162 0.000331364 9.18647e-06 11.4228 1.90193
275 0.00647057 0.00202677 0.000331364 9.18647e-06 11.4228 1.90193
276 0.0410326 0.345955 0.000331364 9.18647e-06 11.4228 1.90193
277 0.0766838 0.000673609 0.000331364 9.18647e-06 11.4228 1.90193
278 0.00985492 0.0135863 0.000331364 9.18647e-06 11.4228 1.90193
279 0.00620542 0.0090441 0.000331364 9.18647e-06 11.4228 1.90193
280 0.116528 0.0146962 0.000331364 9.18647e-06 11.4228 1.90193
281 0.0108262 0.00278855 0.000331364 9.18647e-06 11.4228 1.90193
282 0.00194602 0.00102683 0.000331364 9.18647e-06 11.4228 1.90193
283 0.00930161 0.0302908 0.000331364 9.18647e-06 11.4228 1.90193
284 0.049976 0.0214767 0.000331364 9.18647e-06 11.4228 1.90193
285 0.0404738 0.00934396 0.000331364 9.18647e-06 11.4228 1.90193
286 0.0478962 0.00269642 0.000331364 9.18647e-06 11.4228 1.90193
287 0.00165127 0.000611818 0.000331364 9.18647e-06 11.4228 1.90193
288 0.0573567 0.239492 0.000331364 9.18647e-06 11.4228 1.90193
289 0.0794025 0.000584046 0.000331364 9.18647e-06 11.4228 1.90193
290 0.00333952 0.000597889 0.000331364 9.18647e-06 11.4228 1.90193
291 0.0199114 0.460093 0.000331364 9.18647e-06 11.4228 1.90193
292 0.101644 0.00155526 0.000331364 9.18647e-06 11.4228 1.90193
293 0.00661039 0.000353931 0.000331364 9.18647e-06 11.4228 1.90193
294 0.0125715 0.006242 0.000331364 9.18647e-06 11.4228 1.90193
295 0.00490197 0.0550159 0.000331364 9.18647e-06 11.4228 1.90193
296 0.0839061 0.29371 0.000331364 9.18647e-06 11.4228 1.90193
297 0.160904 0.0175115 0.000331364 9.18647e-06 11.4228 1.90193
298 0.00903919 0.00104073 0.000331364 9.18647e-06 11.4228 1.90193
299 0.000553538 0.00146836 0.000331364 9.18647e-06 11.4228 1.90193
300 0.000744577 0.000879428 0.000331364 9.18647e-06 11.4228 1.90193
301 0.0076488 0.022079 0.000331364 9.18647e-06 11.4228 1.90193
302 0.0140599 0.00259217 0.000331364 9.18647e-06 11.4228 1.90193
303 0.0140642 0.0349227 0.000331364 9.18647e-06 11.4228 1.90193
304 0.062958 0.00135043 0.000331364 9.18647e-06 11.4228 1.90193
305 0.0542881 0.0552818 0.000331364 9.18647e-06 11.4228 1.90193
306 0.0171177 0.0132478 0.000331364 9.18647e-06 11.4228 1.90193
307 0.00699406 0.000688869 0.000331364 9.18647e-06 11.4228 1.90193
308 0.00692328 0.0521618 0.000331364 9.18647e-06 11.4228 1.90193
309 0.0852677 0.0153912 0.000331364 9.18647e-06 11.4228 1.90193
310 0.00714128 0.0181206 0.000331364 9.18647e-06 11.4228 1.90193
311 0.0239898 0.00051538 0.000331364 9.18647e-06 11.4228 1.90193
312 0.0805172 0.0814979 0.000331364 9.18647e-06 11.4228 1.90193
313 0.0476108 0.294296 0.000331364 9.18647e-06 11.4228 1.90193
314 0.0495931 0.00733845 0.000331364 9.18647e-06 11.4228 1.90193
315 0.00648714 0.00250808 0.000331364 9.18647e-06 11.4228 1.90193
316 0.00482392 0.00129693 0.000331364 9.18647e-06 11.4228 1.90193
317 0.00514541 0.0233181 0.000331364 9.18647e-06 11.4228 1.90193
318 0.037199 0.125447 0.000331364 9.18647e-06 11.4228 1.90193
319 0.0288566 0.00993968 0.000331364 9.18647e-06 11.4228 1.90193
320 0.00589597 0.0189476 0.000331364 9.18647e-06 11.4228 1.90193
321 0.00732075 0.00227518 0.000331364 9.18647e-06 11.4228 1.90193
322 0.127264 0.0106401 0.000331364 9.18647e-06 11.4228 1.90193
323 0.00930089 0.00174117 0.000331364 9.18647e-06 11.4228 1.90193
324 0.0012698 0.00406987 0.000331364 9.18647e-06 11.4228 1.90193
325 0.0160321 0.111221 0.000331364 9.18647e-06 11.4228 1.90193
326 0.017382 0.0103872 0.000331364 9.18647e-06 11.4228 1.90193
327 0.0280288 0.000830509 0.000331364 9.18647e-06 11.4228 1.90193
328 0.0285783 0.0177511 0.000331364 9.18647e-06 11.4228 1.90193
329 0.032735 0.0428731 0.000331364 9.18647e-06 11.4228 1.90193
330 0.0150574 0.00575193 0.000331364 9.18647e-06 11.4228 1.90193
331 0.00338677 0.000532896 0.000331364 9.18647e-06 11.4228 1.90193
332 0.189798 0.00771182 0.000331364 9.18647e-06 11.4228 1.90193
333 0.00281443 0.000257587 0.000331364 9.18647e-06 11.4228 1.90193
334 0.000402542 0.000403857 0.000257587 7.1762e-06 10.0712 1.681
335 0.000408615 0.000311357 0.000257587 7.1762e-06 10.0712 1.681
336 0.00049822 0.000274946 0.000257587 7.1762e-06 10.0712 1.681
337 0.000399532 0.000432708 0.000257587 7.1762e-06 10.0712 1.681
338 0.000418866 0.000544773 0.000257587 7.1762e-06 10.0712 1.681
339 0.000420731 0.000433105 0.000257587 7.1762e-06 10.0712 1.681
340 0.00041424 0.000317973 0.000257587 7.1762e-06 10.0712 1.681
341 0.000364354 0.0003088 0.000257587 7.1762e-06 10.0712 1.681
342 0.000385946 0.000585795 0.000257587 7.1762e-06 10.0712 1.681
343 0.000632811 0.000729427 0.000257587 7.1762e-06 10.0712 1.681
344 0.000712654 0.000469174 0.000257587 7.1762e-06 10.0712 1.681
345 0.000477361 0.000303832 0.000257587 7.1762e-06 10.0712 1.681
346 0.000387092 0.000221174 0.000257587 7.1762e-06 10.0712 1.681
347 0.000382718 0.000200563 0.000221174 6.52691e-06 9.33228 1.60315
348 0.000391433 0.000302632 0.000200563 6.48414e-06 8.8868 1.59789
349 0.000561473 0.000307713 0.000200563 6.48414e-06 8.8868 1.59789
350 0.000406857 0.000286976 0.000200563 6.48414e-06 8.8868 1.59789
351 0.000370444 0.000407619 0.000200563 6.48414e-06 8.8868 1.59789
352 0.00047583 0.000489965 0.000200563 6.48414e-06 8.8868 1.59789
353 0.000541303 0.000418493 0.000200563 6.48414e-06 8.8868 1.59789
354 0.000482525 0.000446409 0.000200563 6.48414e-06 8.8868 1.59789
355 0.00128565 0.000374571 0.000200563 6.48414e-06 8.8868 1.59789
356 0.000932475 0.000428105 0.000200563 6.48414e-06 8.8868 1.59789
357 0.000556694 0.000354522 0.000200563 6.48414e-06 8.8868 1.59789
358 0.000899304 0.000667313 0.000200563 6.48414e-06 8.8868 1.59789
359 0.0019026 0.00494418 0.000200563 6.48414e-06 8.8868 1.59789
360 0.00134251 0.000347026 0.000200563 6.48414e-06 8.8868 1.59789
361 0.00109827 0.00200923 0.000200563 6.48414e-06 8.8868 1.59789
362 0.00123297 0.000541579 0.000200563 6.48414e-06 8.8868 1.59789
363 0.00182675 0.00252264 0.000200563 6.48414e-06 8.8868 1.59789
364 0.000844025 0.000445172 0.000200563 6.48414e-06 8.8868 1.59789
365 0.00738024 0.000280148 0.000200563 6.48414e-06 8.8868 1.59789
366 0.0115561 0.00362482 0.000200563 6.48414e-06 8.8868 1.59789
367 0.000888987 0.00111687 0.000200563 6.48414e-06 8.8868 1.59789
368 0.00338839 0.0191772 0.000200563 6.48414e-06 8.8868 1.59789
369 0.0961334 0.000661423 0.000200563 6.48414e-06 8.8868 1.59789
370 0.00112621 0.000437585 0.000200563 6.48414e-06 8.8868 1.59789
371 0.000604872 0.000341768 0.000200563 6.48414e-06 8.8868 1.59789
372 0.00053695 0.000324474 0.000200563 6.48414e-06 8.8868 1.59789
373 0.00208312 0.000286589 0.000200563 6.48414e-06 8.8868 1.59789
374 0.00105444 0.000343734 0.000200563 6.48414e-06 8.8868 1.59789
375 0.00215527 0.00339617 0.000200563 6.48414e-06 8.8868 1.59789
376 0.004002 0.000362655 0.000200563 6.48414e-06 8.8868 1.59789
377 0.0156386 0.0382055 0.000200563 6.48414e-06 8.8868 1.59789
378 0.00533875 0.00100277 0.000200563 6.48414e-06 8.8868 1.59789
379 0.00101914 0.00213128 0.000200563 6.48414e-06 8.8868 1.59789
380 0.00783637 0.00143511 0.000200563 6.48414e-06 8.8868 1.59789
381 0.00617662 0.00752925 0.000200563 6.48414e-06 8.8868 1.59789
382 0.0117463 0.0415115 0.000200563 6.48414e-06 8.8868 1.59789
383 0.0092731 0.00492939 0.000200563 6.48414e-06 8.8868 1.59789
384 0.0054018 0.0139713 0.000200563 6.48414e-06 8.8868 1.59789
385 0.0494772 0.0150921 0.000200563 6.48414e-06 8.8868 1.59789
386 0.0037671 0.00416653 0.000200563 6.48414e-06 8.8868 1.59789
387 0.00116962 0.00131116 0.000200563 6.48414e-06 8.8868 1.59789
388 0.00150018 0.00377845 0.000200563 6.48414e-06 8.8868 1.59789
389 0.00291893 0.00145199 0.000200563 6.48414e-06 8.8868 1.59789
390 0.00786303 0.000245331 0.000200563 6.48414e-06 8.8868 1.59789
391 0.00579646 0.00186858 0.000200563 6.48414e-06 8.8868 1.59789
392 0.00417836 0.00470543 0.000200563 6.48414e-06 8.8868 1.59789
393 0.0118188 0.00384203 0.000200563 6.48414e-06 8.8868 1.59789
394 0.00112239 0.000387218 0.000200563 6.48414e-06 8.8868 1.59789
395 0.0490835 0.00732543 0.000200563 6.48414e-06 8.8868 1.59789
396 0.021631 0.000339511 0.000200563 6.48414e-06 8.8868 1.59789
397 0.000938816 0.00081496 0.000200563 6.48414e-06 8.8868 1.59789
398 0.00186719 0.00211241 0.000200563 6.48414e-06 8.8868 1.59789
399 0.00162701 0.000504932 0.000200563 6.48414e-06 8.8868 1.59789
400 0.00214438 0.00383996 0.000200563 6.48414e-06 8.8868 1.59789
401 0.0032458 0.0468693 0.000200563 6.48414e-06 8.8868 1.59789
402 0.0262086 0.00132635 0.000200563 6.48414e-06 8.8868 1.59789
403 0.00247522 0.000474893 0.000200563 6.48414e-06 8.8868 1.59789
404 0.0412604 0.0107289 0.000200563 6.48414e-06 8.8868 1.59789
405 0.00168381 0.000555749 0.000200563 6.48414e-06 8.8868 1.59789
406 0.0005056 0.000342677 0.000200563 6.48414e-06 8.8868 1.59789
407 0.000649469 0.00192066 0.000200563 6.48414e-06 8.8868 1.59789
408 0.00287683 0.0193651 0.000200563 6.48414e-06 8.8868 1.59789
409 0.0126679 0.00641166 0.000200563 6.48414e-06 8.8868 1.59789
410 0.00187169 0.00573974 0.000200563 6.48414e-06 8.8868 1.59789
411 0.0227229 0.00229158 0.000200563 6.48414e-06 8.8868 1.59789
412 0.00407447 0.000710762 0.000200563 6.48414e-06 8.8868 1.59789
413 0.00756416 0.00508067 0.000200563 6.48414e-06 8.8868 1.59789
414 0.00528789 0.00167042 0.000200563 6.48414e-06 8.8868 1.59789
415 0.00600893 0.0146631 0.000200563 6.48414e-06 8.8868 1.59789
416 0.0150816 0.0263768 0.000200563 6.48414e-06 8.8868 1.59789
417 0.00291182 0.000694326 0.000200563 6.48414e-06 8.8868 1.59789
418 0.006155 0.00169574 0.000200563 6.48414e-06 8.8868 1.59789
419 0.00334042 0.000905337 0.000200563 6.48414e-06 8.8868 1.59789
420 0.0227329 0.0101479 0.000200563 6.48414e-06 8.8868 1.59789
421 0.00563169 0.000204886 0.000200563 6.48414e-06 8.8868 1.59789
422 0.0175088 0.0155143 0.000200563 6.48414e-06 8.8868 1.59789
423 0.00317227 0.000472011 0.000200563 6.48414e-06 8.8868 1.59789
424 0.00676657 0.00773227 0.000200563 6.48414e-06 8.8868 1.59789
425 0.00423461 0.000526449 0.000200563 6.48414e-06 8.8868 1.59789
426 0.016083 0.0157001 0.000200563 6.48414e-06 8.8868 1.59789
427 0.0163552 0.00396613 0.000200563 6.48414e-06 8.8868 1.59789
428 0.0013001 0.00101263 0.000200563 6.48414e-06 8.8868 1.59789
429 0.0015732 0.0132064 0.000200563 6.48414e-06 8.8868 1.59789
430 0.0292144 0.00108453 0.000200563 6.48414e-06 8.8868 1.59789
431 0.0181894 0.0177065 0.000200563 6.48414e-06 8.8868 1.59789
432 0.00321762 0.000715297 0.000200563 6.48414e-06 8.8868 1.59789
433 0.00224905 0.00592103 0.000200563 6.48414e-06 8.8868 1.59789
434 0.00747458 0.00122799 0.000200563 6.48414e-06 8.8868 1.59789
435 0.00703368 0.108126 0.000200563 6.48414e-06 8.8868 1.59789
436 0.0699376 0.00277225 0.000200563 6.48414e-06 8.8868 1.59789
437 0.00662249 0.00124634 0.000200563 6.48414e-06 8.8868 1.59789
438 0.00188515 0.000232862 0.000200563 6.48414e-06 8.8868 1.59789
439 0.000883652 0.00136228 0.000200563 6.48414e-06 8.8868 1.59789
440 0.00310572 0.00141282 0.000200563 6.48414e-06 8.8868 1.59789
441 0.00114361 0.0004301 0.000200563 6.48414e-06 8.8868 1.59789
442 0.00318066 0.00356408 0.000200563 6.48414e-06 8.8868 1.59789
443 0.00408388 0.0018171 0.000200563 6.48414e-06 8.8868 1.59789
444 0.00391839 0.0171271 0.000200563 6.48414e-06 8.8868 1.59789
445 0.00391659 0.00275514 0.000200563 6.48414e-06 8.8868 1.59789
446 0.00211211 0.00629752 0.000200563 6.48414e-06 8.8868 1.59789
447 0.00485644 0.000463134 0.000200563 6.48414e-06 8.8868 1.59789
448 0.000379828 0.000431377 0.000200563 6.48414e-06 8.8868 1.59789
449 0.000451286 0.000510991 0.000200563 6.48414e-06 8.8868 1.59789
450 0.000341838 0.000215935 0.000200563 6.48414e-06 8.8868 1.59789
451 0.000401602 0.000447006 0.000200563 6.48414e-06 8.8868 1.59789
452 0.000485579 0.000238399 0.000200563 6.48414e-06 8.8868 1.59789
453 0.000380355 0.000445541 0.000200563 6.48414e-06 8.8868 1.59789
454 0.000367198 0.000383134 0.000200563 6.48414e-06 8.8868 1.59789
455 0.000442084 0.000375566 0.000200563 6.48414e-06 8.8868 1.59789
456 0.000385544 0.000581418 0.000200563 6.48414e-06 8.8868 1.59789
457 0.000353577 0.00024537 0.000200563 6.48414e-06 8.8868 1.59789
458 0.000411986 0.000427818 0.000200563 6.48414e-06 8.8868 1.59789
459 0.000447024 0.000748847 0.000200563 6.48414e-06 8.8868 1.59789
460 0.000547147 0.000360056 0.000200563 6.48414e-06 8.8868 1.59789
461 0.000410815 0.000327753 0.000200563 6.48414e-06 8.8868 1.59789
462 0.000457203 0.000753363 0.000200563 6.48414e-06 8.8868 1.59789
463 0.000662462 0.000390218 0.000200563 6.48414e-06 8.8868 1.59789
464 0.000515248 0.000926147 0.000200563 6.48414e-06 8.8868 1.59789
465 0.000455465 0.000286842 0.000200563 6.48414e-06 8.8868 1.59789
466 0.000555861 0.000341633 0.000200563 6.48414e-06 8.8868 1.59789
467 0.000663715 0.00084036 0.000200563 6.48414e-06 8.8868 1.59789
468 0.000672398 0.000444412 0.000200563 6.48414e-06 8.8868 1.59789
469 0.000497191 0.000739096 0.000200563 6.48414e-06 8.8868 1.59789
470 0.000590721 0.000289491 0.000200563 6.48414e-06 8.8868 1.59789
471 0.000793486 0.00101646 0.000200563 6.48414e-06 8.8868 1.59789
472 0.000765708 0.00125387 0.000200563 6.48414e-06 8.8868 1.59789
473 0.00149228 0.00261092 0.000200563 6.48414e-06 8.8868 1.59789
474 0.0018065 0.00252216 0.000200563 6.48414e-06 8.8868 1.59789
475 0.000689811 0.000416964 0.000200563 6.48414e-06 8.8868 1.59789
476 0.000412855 0.00144149 0.000200563 6.48414e-06 8.8868 1.59789
477 0.00145159 0.000195063 0.000200563 6.48414e-06 8.8868 1.59789
478 0.000949225 0.000483445 0.000195063 5.5507e-06 8.7641 1.47841
479 0.00264392 0.000332867 0.000195063 5.5507e-06 8.7641 1.47841
480 0.00289475 0.00411707 0.000195063 5.5507e-06 8.7641 1.47841
481 0.00420758 0.00221684 0.000195063 5.5507e-06 8.7641 1.47841
482 0.000825333 0.000337532 0.000195063 5.5507e-06 8.7641 1.47841
483 0.00122749 0.000973318 0.000195063 5.5507e-06 8.7641 1.47841
484 0.0130212 0.00410685 0.000195063 5.5507e-06 8.7641 1.47841
485 0.00319794 0.00027693 0.000195063 5.5507e-06 8.7641 1.47841
486 0.000690336 0.000894207 0.000195063 5.5507e-06 8.7641 1.47841
487 0.000875411 0.000281389 0.000195063 5.5507e-06 8.7641 1.47841
488 0.00159195 0.00258082 0.000195063 5.5507e-06 8.7641 1.47841
489 0.00162662 0.000220266 0.000195063 5.5507e-06 8.7641 1.47841
490 0.000470529 0.000370628 0.000195063 5.5507e-06 8.7641 1.47841
491 0.0012731 0.00108033 0.000195063 5.5507e-06 8.7641 1.47841
492 0.000854413 0.000476249 0.000195063 5.5507e-06 8.7641 1.47841
493 0.0138662 0.0532455 0.000195063 5.5507e-06 8.7641 1.47841
494 0.00785305 0.000747905 0.000195063 5.5507e-06 8.7641 1.47841
495 0.000837266 0.000330987 0.000195063 5.5507e-06 8.7641 1.47841
496 0.00128205 0.000325937 0.000195063 5.5507e-06 8.7641 1.47841
497 0.000747877 0.00101553 0.000195063 5.5507e-06 8.7641 1.47841
498 0.000920501 0.0011477 0.000195063 5.5507e-06 8.7641 1.47841
499 0.0020299 0.000425278 0.000195063 5.5507e-06 8.7641 1.47841
500 0.00106818 0.00289313 0.000195063 5.5507e-06 8.7641 1.47841
501 0.00257537 0.000576829 0.000195063 5.5507e-06 8.7641 1.47841
502 0.0018501 0.00295798 0.000195063 5.5507e-06 8.7641 1.47841
503 0.00142045 0.00107062 0.000195063 5.5507e-06 8.7641 1.47841
504 0.00262197 0.000279144 0.000195063 5.5507e-06 8.7641 1.47841
505 0.00140884 0.00128533 0.000195063 5.5507e-06 8.7641 1.47841
506 0.00882606 0.0225614 0.000195063 5.5507e-06 8.7641 1.47841
507 0.0101585 0.00121958 0.000195063 5.5507e-06 8.7641 1.47841
508 0.00195346 0.000858142 0.000195063 5.5507e-06 8.7641 1.47841
509 0.00109067 0.000391299 0.000195063 5.5507e-06 8.7641 1.47841
510 0.000633703 0.000474151 0.000195063 5.5507e-06 8.7641 1.47841
511 0.00106785 0.00257771 0.000195063 5.5507e-06 8.7641 1.47841
512 0.00189234 0.00191831 0.000195063 5.5507e-06 8.7641 1.47841
513 0.00079934 0.000718873 0.000195063 5.5507e-06 8.7641 1.47841
514 0.00135384 0.000325077 0.000195063 5.5507e-06 8.7641 1.47841
515 0.00396587 0.0214715 0.000195063 5.5507e-06 8.7641 1.47841
516 0.00547715 0.0102938 0.000195063 5.5507e-06 8.7641 1.47841
517 0.00379221 0.00045377 0.000195063 5.5507e-06 8.7641 1.47841
518 0.00141825 0.0052898 0.000195063 5.5507e-06 8.7641 1.47841
519 0.00358973 0.000818794 0.000195063 5.5507e-06 8.7641 1.47841
520 0.00204293 0.0020408 0.000195063 5.5507e-06 8.7641 1.47841
521 0.00273096 0.000182644 0.000195063 5.5507e-06 8.7641 1.47841
522 0.00269493 0.00219561 0.000182644 5.54326e-06 8.48053 1.47742
523 0.00119991 0.000319069 0.000182644 5.54326e-06 8.48053 1.47742
524 0.00215642 0.00470973 0.000182644 5.54326e-06 8.48053 1.47742
525 0.00444689 0.00659874 0.000182644 5.54326e-06 8.48053 1.47742
526 0.00372511 0.0101242 0.000182644 5.54326e-06 8.48053 1.47742
527 0.00162485 0.00172504 0.000182644 5.54326e-06 8.48053 1.47742
528 0.00174225 0.00125418 0.000182644 5.54326e-06 8.48053 1.47742
529 0.000709952 0.000530641 0.000182644 5.54326e-06 8.48053 1.47742
530 0.00479977 0.0126248 0.000182644 5.54326e-06 8.48053 1.47742
531 0.00177146 0.000334957 0.000182644 5.54326e-06 8.48053 1.47742
532 0.00290223 0.00366791 0.000182644 5.54326e-06 8.48053 1.47742
533 0.0029906 0.00354791 0.000182644 5.54326e-06 8.48053 1.47742
534 0.001157 0.000696488 0.000182644 5.54326e-06 8.48053 1.47742
535 0.00320711 0.0332312 0.000182644 5.54326e-06 8.48053 1.47742
536 0.0159529 0.00644702 0.000182644 5.54326e-06 8.48053 1.47742
537 0.00562045 0.000894743 0.000182644 5.54326e-06 8.48053 1.47742
538 0.000817105 0.000945105 0.000182644 5.54326e-06 8.48053 1.47742
539 0.00097085 0.00102058 0.000182644 5.54326e-06 8.48053 1.47742
540 0.000676465 0.00192025 0.000182644 5.54326e-06 8.48053 1.47742
541 0.00153419 0.000629233 0.000182644 5.54326e-06 8.48053 1.47742
542 0.000698426 0.00327991 0.000182644 5.54326e-06 8.48053 1.47742
543 0.00756867 0.000860637 0.000182644 5.54326e-06 8.48053 1.47742
544 0.000994402 0.000272896 0.000182644 5.54326e-06 8.48053 1.47742
545 0.00112699 0.000309418 0.000182644 5.54326e-06 8.48053 1.47742
546 0.00192638 0.0010524 0.000182644 5.54326e-06 8.48053 1.47742
547 0.00177791 0.000775249 0.000182644 5.54326e-06 8.48053 1.47742
548 0.000754336 0.000454179 0.000182644 5.54326e-06 8.48053 1.47742
549 0.00111297 0.000429181 0.000182644 5.54326e-06 8.48053 1.47742
550 0.00743224 0.0174522 0.000182644 5.54326e-06 8.48053 1.47742
551 0.00349588 0.000959324 0.000182644 5.54326e-06 8.48053 1.47742
552 0.000800387 0.00165325 0.000182644 5.54326e-06 8.48053 1.47742
553 0.00128786 0.000322025 0.000182644 5.54326e-06 8.48053 1.47742
554 0.00307083 0.00586267 0.000182644 5.54326e-06 8.48053 1.47742
555 0.00148842 0.000421141 0.000182644 5.54326e-06 8.48053 1.47742
556 0.000811538 0.00899857 0.000182644 5.54326e-06 8.48053 1.47742
557 0.00691813 0.00157185 0.000182644 5.54326e-06 8.48053 1.47742
558 0.00301855 0.000371352 0.000182644 5.54326e-06 8.48053 1.47742
559 0.00568772 0.00414973 0.000182644 5.54326e-06 8.48053 1.47742
560 0.000976021 0.000639368 0.000182644 5.54326e-06 8.48053 1.47742
561 0.000997766 0.000691082 0.000182644 5.54326e-06 8.48053 1.47742
562 0.00392445 0.00530449 0.000182644 5.54326e-06 8.48053 1.47742
563 0.00126199 0.00124716 0.000182644 5.54326e-06 8.48053 1.47742
564 0.00247725 0.0148396 0.000182644 5.54326e-06 8.48053 1.47742
565 0.00533417 0.00105092 0.000182644 5.54326e-06 8.48053 1.47742
566 0.000577756 0.000472371 0.000182644 5.54326e-06 8.48053 1.47742
567 0.00112003 0.000427075 0.000182644 5.54326e-06 8.48053 1.47742
568 0.000607515 0.000190997 0.000182644 5.54326e-06 8.48053 1.47742
569 0.00206265 0.00182787 0.000182644 5.54326e-06 8.48053 1.47742
570 0.00631085 0.00597309 0.000182644 5.54326e-06 8.48053 1.47742
571 0.00875645 0.00102094 0.000182644 5.54326e-06 8.48053 1.47742
572 0.0025611 0.00090004 0.000182644 5.54326e-06 8.48053 1.47742
573 0.000973352 0.000218402 0.000182644 5.54326e-06 8.48053 1.47742
574 0.00180804 0.0018927 0.000182644 5.54326e-06 8.48053 1.47742
575 0.00373673 0.000359763 0.000182644 5.54326e-06 8.48053 1.47742
576 0.00117897 0.00192194 0.000182644 5.54326e-06 8.48053 1.47742
577 0.00160075 0.00044411 0.000182644 5.54326e-06 8.48053 1.47742
578 0.000551912 0.000332653 0.000182644 5.54326e-06 8.48053 1.47742
579 0.00069154 0.00124673 0.000182644 5.54326e-06 8.48053 1.47742
580 0.00420187 0.00124661 0.000182644 5.54326e-06 8.48053 1.47742
581 0.0010204 0.000975481 0.000182644 5.54326e-06 8.48053 1.47742
582 0.00536024 0.00411324 0.000182644 5.54326e-06 8.48053 1.47742
583 0.00105945 0.000527724 0.000182644 5.54326e-06 8.48053 1.47742
584 0.00177301 0.00255846 0.000182644 5.54326e-06 8.48053 1.47742
585 0.00154184 0.000384877 0.000182644 5.54326e-06 8.48053 1.47742
586 0.00368239 0.00601572 0.000182644 5.54326e-06 8.48053 1.47742
587 0.00259559 0.00559977 0.000182644 5.54326e-06 8.48053 1.47742
588 0.00187796 0.00797044 0.000182644 5.54326e-06 8.48053 1.47742
589 0.00483352 0.00535421 0.000182644 5.54326e-06 8.48053 1.47742
590 0.00631623 0.00181048 0.000182644 5.54326e-06 8.48053 1.47742
591 0.0014833 0.000259248 0.000182644 5.54326e-06 8.48053 1.47742
592 0.0010276 0.0029702 0.000182644 5.54326e-06 8.48053 1.47742
593 0.00139519 0.000282778 0.000182644 5.54326e-06 8.48053 1.47742
594 0.00222504 0.0128997 0.000182644 5.54326e-06 8.48053 1.47742
595 0.00533831 0.00138147 0.000182644 5.54326e-06 8.48053 1.47742
596 0.00334112 0.0034175 0.000182644 5.54326e-06 8.48053 1.47742
597 0.00176089 0.00198302 0.000182644 5.54326e-06 8.48053 1.47742
598 0.00161796 0.000641266 0.000182644 5.54326e-06 8.48053 1.47742
599 0.00185393 0.00251734 0.000182644 5.54326e-06 8.48053 1.47742
600 0.000777139 0.0010176 0.000182644 5.54326e-06 8.48053 1.47742
601 0.00451484 0.000938171 0.000182644 5.54326e-06 8.48053 1.47742
602 0.00226999 0.000440044 0.000182644 5.54326e-06 8.48053 1.47742
603 0.00086708 0.00136564 0.000182644 5.54326e-06 8.48053 1.47742
604 0.00230302 0.00173187 0.000182644 5.54326e-06 8.48053 1.47742
605 0.00192853 0.00161255 0.000182644 5.54326e-06 8.48053 1.47742
606 0.00319837 0.000687632 0.000182644 5.54326e-06 8.48053 1.47742
607 0.00432543 0.00700483 0.000182644 5.54326e-06 8.48053 1.47742
608 0.00243485 0.00038986 0.000182644 5.54326e-06 8.48053 1.47742
609 0.00109919 0.000201721 0.000182644 5.54326e-06 8.48053 1.47742
610 0.0048593 0.0177505 0.000182644 5.54326e-06 8.48053 1.47742
611 0.00847515 0.00850188 0.000182644 5.54326e-06 8.48053 1.47742
612 0.00201024 0.000330308 0.000182644 5.54326e-06 8.48053 1.47742
613 0.000702865 0.000241562 0.000182644 5.54326e-06 8.48053 1.47742
614 0.000480766 0.000757189 0.000182644 5.54326e-06 8.48053 1.47742
615 0.000881979 0.00082675 0.000182644 5.54326e-06 8.48053 1.47742
616 0.00149775 0.000588196 0.000182644 5.54326e-06 8.48053 1.47742
617 0.00178894 0.000410809 0.000182644 5.54326e-06 8.48053 1.47742
618 0.000782959 0.00048578 0.000182644 5.54326e-06 8.48053 1.47742
619 0.00278058 0.00827913 0.000182644 5.54326e-06 8.48053 1.47742
620 0.00397341 0.000646099 0.000182644 5.54326e-06 8.48053 1.47742
621 0.00268769 0.000738391 0.000182644 5.54326e-06 8.48053 1.47742
622 0.000372436 0.000292502 0.000182644 5.54326e-06 8.48053 1.47742
623 0.000290426 0.000224874 0.000182644 5.54326e-06 8.48053 1.47742
624 0.000310776 0.000274127 0.000182644 5.54326e-06 8.48053 1.47742
625 0.000318091 0.000413947 0.000182644 5.54326e-06 8.48053 1.47742
626 0.000404922 0.000356817 0.000182644 5.54326e-06 8.48053 1.47742
627 0.000422257 0.000192634 0.000182644 5.54326e-06 8.48053 1.47742
628 0.000327843 0.000236798 0.000182644 5.54326e-06 8.48053 1.47742
629 0.00042482 0.000378812 0.000182644 5.54326e-06 8.48053 1.47742
630 0.000501087 0.000283101 0.000182644 5.54326e-06 8.48053 1.47742
631 0.000335214 0.000374897 0.000182644 5.54326e-06 8.48053 1.47742
632 0.000379195 0.000634064 0.000182644 5.54326e-06 8.48053 1.47742
633 0.000388796 0.000257883 0.000182644 5.54326e-06 8.48053 1.47742
634 0.000432141 0.000429509 0.000182644 5.54326e-06 8.48053 1.47742
635 0.000365591 0.000165446 0.000182644 5.54326e-06 8.48053 1.47742
636 0.000351616 0.000218382 0.000165446 5.12205e-06 8.07139 1.42018
637 0.000367673 0.000247738 0.000165446 5.12205e-06 8.07139 1.42018
638 0.000400031 0.000347092 0.000165446 5.12205e-06 8.07139 1.42018
639 0.000454392 0.000197419 0.000165446 5.12205e-06 8.07139 1.42018
640 0.000385093 0.000243184 0.000165446 5.12205e-06 8.07139 1.42018
641 0.000494486 0.000293742 0.000165446 5.12205e-06 8.07139 1.42018
642 0.000587931 0.00066817 0.000165446 5.12205e-06 8.07139 1.42018
643 0.000348394 0.000251128 0.000165446 5.12205e-06 8.07139 1.42018
644 0.000362306 0.000425605 0.000165446 5.12205e-06 8.07139 1.42018
645 0.00037245 0.000768464 0.000165446 5.12205e-06 8.07139 1.42018
646 0.00039608 0.000210395 0.000165446 5.12205e-06 8.07139 1.42018
647 0.00037508 0.000324366 0.000165446 5.12205e-06 8.07139 1.42018
648 0.000801762 0.000544481 0.000165446 5.12205e-06 8.07139 1.42018
649 0.000436222 0.00092364 0.000165446 5.12205e-06 8.07139 1.42018
650 0.000453316 0.000648924 0.000165446 5.12205e-06 8.07139 1.42018
651 0.000427706 0.000334839 0.000165446 5.12205e-06 8.07139 1.42018
652 0.000747846 0.000203582 0.000165446 5.12205e-06 8.07139 1.42018
653 0.000554936 0.000285118 0.000165446 5.12205e-06 8.07139 1.42018
654 0.000830561 0.000361669 0.000165446 5.12205e-06 8.07139 1.42018
655 0.000533221 0.000307768 0.000165446 5.12205e-06 8.07139 1.42018
656 0.00140136 0.000634529 0.000165446 5.12205e-06 8.07139 1.42018
657 0.000574894 0.000488796 0.000165446 5.12205e-06 8.07139 1.42018
658 0.00057362 0.000257548 0.000165446 5.12205e-06 8.07139 1.42018
659 0.000553424 0.000242948 0.000165446 5.12205e-06 8.07139 1.42018
660 0.000592969 0.00164574 0.000165446 5.12205e-06 8.07139 1.42018
661 0.00368927 0.0038846 0.000165446 5.12205e-06 8.07139 1.42018
662 0.0015987 0.000456607 0.000165446 5.12205e-06 8.07139 1.42018
663 0.000501018 0.000237406 0.000165446 5.12205e-06 8.07139 1.42018
664 0.000507648 0.000823593 0.000165446 5.12205e-06 8.07139 1.42018
665 0.000576196 0.00098361 0.000165446 5.12205e-06 8.07139 1.42018
666 0.000683069 0.000474296 0.000165446 5.12205e-06 8.07139 1.42018
667 0.000585419 0.00024454 0.000165446 5.12205e-06 8.07139 1.42018
668 0.00039924 0.000202179 0.000165446 5.12205e-06 8.07139 1.42018
669 0.00114854 0.000686222 0.000165446 5.12205e-06 8.07139 1.42018
670 0.00108682 0.00206133 0.000165446 5.12205e-06 8.07139 1.42018
671 0.00251553 0.00617563 0.000165446 5.12205e-06 8.07139 1.42018
672 0.00154236 0.00068264 0.000165446 5.12205e-06 8.07139 1.42018
673 0.00100731 0.000453208 0.000165446 5.12205e-06 8.07139 1.42018
674 0.0006944 0.000527626 0.000165446 5.12205e-06 8.07139 1.42018
675 0.000958905 0.00217392 0.000165446 5.12205e-06 8.07139 1.42018
676 0.00125821 0.000305518 0.000165446 5.12205e-06 8.07139 1.42018
677 0.00155922 0.00344984 0.000165446 5.12205e-06 8.07139 1.42018
678 0.000837541 0.000270296 0.000165446 5.12205e-06 8.07139 1.42018
679 0.000339096 0.000317976 0.000165446 5.12205e-06 8.07139 1.42018
680 0.000767467 0.000226757 0.000165446 5.12205e-06 8.07139 1.42018
681 0.000520669 0.000384296 0.000165446 5.12205e-06 8.07139 1.42018
682 0.000392141 0.00058831 0.000165446 5.12205e-06 8.07139 1.42018
683 0.00054399 0.000397938 0.000165446 5.12205e-06 8.07139 1.42018
684 0.000648407 0.000768517 0.000165446 5.12205e-06 8.07139 1.42018
685 0.000560202 0.000847522 0.000165446 5.12205e-06 8.07139 1.42018
686 0.000418283 0.000530707 0.000165446 5.12205e-06 8.07139 1.42018
687 0.00042681 0.000163023 0.000165446 5.12205e-06 8.07139 1.42018
688 0.000884491 0.000341515 0.000163023 5.27516e-06 8.01206 1.44125
689 0.00102645 0.00178819 0.000163023 5.27516e-06 8.01206 1.44125
690 0.000912036 0.00139626 0.000163023 5.27516e-06 8.01206 1.44125
691 0.00208003 0.000329261 0.000163023 5.27516e-06 8.01206 1.44125
692 0.000566619 0.000730993 0.000163023 5.27516e-06 8.01206 1.44125
693 0.000844145 0.00335168 0.000163023 5.27516e-06 8.01206 1.44125
694 0.000739584 0.000189226 0.000163023 5.27516e-06 8.01206 1.44125
695 0.000994798 0.000509489 0.000163023 5.27516e-06 8.01206 1.44125
696 0.000724703 0.0010803 0.000163023 5.27516e-06 8.01206 1.44125
697 0.00167762 0.00157458 0.000163023 5.27516e-06 8.01206 1.44125
698 0.000916581 0.000383702 0.000163023 5.27516e-06 8.01206 1.44125
699 0.000736096 0.00112553 0.000163023 5.27516e-06 8.01206 1.44125
700 0.00062521 0.000848667 0.000163023 5.27516e-06 8.01206 1.44125
701 0.00073281 0.000312219 0.000163023 5.27516e-06 8.01206 1.44125
702 0.000888745 0.00250283 0.000163023 5.27516e-06 8.01206 1.44125
703 0.00138794 0.000927772 0.000163023 5.27516e-06 8.01206 1.44125
704 0.00120432 0.000602817 0.000163023 5.27516e-06 8.01206 1.44125
705 0.000607503 0.000242514 0.000163023 5.27516e-06 8.01206 1.44125
706 0.000581999 0.000289903 0.000163023 5.27516e-06 8.01206 1.44125
707 0.000497423 0.00134095 0.000163023 5.27516e-06 8.01206 1.44125
708 0.000763378 0.000661635 0.000163023 5.27516e-06 8.01206 1.44125
709 0.000732767 0.000378612 0.000163023 5.27516e-06 8.01206 1.44125
710 0.0016092 0.000247884 0.000163023 5.27516e-06 8.01206 1.44125
711 0.00263275 0.00248049 0.000163023 5.27516e-06 8.01206 1.44125
712 0.000703935 0.00026161 0.000163023 5.27516e-06 8.01206 1.44125
713 0.000487756 0.000644778 0.000163023 5.27516e-06 8.01206 1.44125
714 0.000400049 0.000316035 0.000163023 5.27516e-06 8.01206 1.44125
715 0.000480668 0.000827098 0.000163023 5.27516e-06 8.01206 1.44125
716 0.00214677 0.000249069 0.000163023 5.27516e-06 8.01206 1.44125
717 0.000569036 0.000198161 0.000163023 5.27516e-06 8.01206 1.44125
718 0.000633639 0.00016943 0.000163023 5.27516e-06 8.01206 1.44125
719 0.00138949 0.0016028 0.000163023 5.27516e-06 8.01206 1.44125
720 0.000935246 0.000450865 0.000163023 5.27516e-06 8.01206 1.44125
721 0.00131 0.0013613 0.000163023 5.27516e-06 8.01206 1.44125
722 0.000564236 0.000230505 0.000163023 5.27516e-06 8.01206 1.44125
723 0.000431499 0.000397835 0.000163023 5.27516e-06 8.01206 1.44125
724 0.000494306 0.000259456 0.000163023 5.27516e-06 8.01206 1.44125
725 0.000604853 0.000301676 0.000163023 5.27516e-06 8.01206 1.44125
726 0.00156275 0.00159991 0.000163023 5.27516e-06 8.01206 1.44125
727 0.000920355 0.000869833 0.000163023 5.27516e-06 8.01206 1.44125
728 0.000714394 0.000243924 0.000163023 5.27516e-06 8.01206 1.44125
729 0.000964269 0.0029327 0.000163023 5.27516e-06 8.01206 1.44125
730 0.00239288 0.000788701 0.000163023 5.27516e-06 8.01206 1.44125
731 0.000829103 0.000333857 0.000163023 5.27516e-06 8.01206 1.44125
732 0.000496708 0.000185078 0.000163023 5.27516e-06 8.01206 1.44125
733 0.000670991 0.000265418 0.000163023 5.27516e-06 8.01206 1.44125
734 0.00164663 0.000598466 0.000163023 5.27516e-06 8.01206 1.44125
735 0.00052817 0.000313817 0.000163023 5.27516e-06 8.01206 1.44125
736 0.000999279 0.000280442 0.000163023 5.27516e-06 8.01206 1.44125
737 0.000731325 0.00201505 0.000163023 5.27516e-06 8.01206 1.44125
738 0.00228013 0.00593361 0.000163023 5.27516e-06 8.01206 1.44125
739 0.0013119 0.000719469 0.000163023 5.27516e-06 8.01206 1.44125
740 0.000519906 0.000275482 0.000163023 5.27516e-06 8.01206 1.44125
741 0.00119732 0.000313567 0.000163023 5.27516e-06 8.01206 1.44125
742 0.000525653 0.000519129 0.000163023 5.27516e-06 8.01206 1.44125
743 0.000635732 0.000289793 0.000163023 5.27516e-06 8.01206 1.44125
744 0.0006555 0.000939311 0.000163023 5.27516e-06 8.01206 1.44125
745 0.000715324 0.0004625 0.000163023 5.27516e-06 8.01206 1.44125
746 0.00201266 0.000530774 0.000163023 5.27516e-06 8.01206 1.44125
747 0.000454699 0.000262828 0.000163023 5.27516e-06 8.01206 1.44125
748 0.000714742 0.000211199 0.000163023 5.27516e-06 8.01206 1.44125
749 0.00120067 0.000552764 0.000163023 5.27516e-06 8.01206 1.44125
750 0.000681411 0.00137082 0.000163023 5.27516e-06 8.01206 1.44125
751 0.001594 0.000632435 0.000163023 5.27516e-06 8.01206 1.44125
752 0.00052852 0.00038685 0.000163023 5.27516e-06 8.01206 1.44125
753 0.000467599 0.000226676 0.000163023 5.27516e-06 8.01206 1.44125
754 0.000628119 0.000200794 0.000163023 5.27516e-06 8.01206 1.44125
755 0.000439212 0.000263698 0.000163023 5.27516e-06 8.01206 1.44125
756 0.0010589 0.000746748 0.000163023 5.27516e-06 8.01206 1.44125
757 0.000899994 0.000905694 0.000163023 5.27516e-06 8.01206 1.44125
758 0.00135624 0.000769059 0.000163023 5.27516e-06 8.01206 1.44125
759 0.000538732 0.000383228 0.000163023 5.27516e-06 8.01206 1.44125
760 0.00163894 0.000376425 0.000163023 5.27516e-06 8.01206 1.44125
761 0.00119668 0.00323544 0.000163023 5.27516e-06 8.01206 1.44125
762 0.00104558 0.000362048 0.000163023 5.27516e-06 8.01206 1.44125
763 0.000688682 0.00019945 0.000163023 5.27516e-06 8.01206 1.44125
764 0.000454303 0.000351114 0.000163023 5.27516e-06 8.01206 1.44125
765 0.000878134 0.000481688 0.000163023 5.27516e-06 8.01206 1.44125
766 0.000586425 0.000239238 0.000163023 5.27516e-06 8.01206 1.44125
767 0.000510926 0.000179108 0.000163023 5.27516e-06 8.01206 1.44125
768 0.000466078 0.000319707 0.000163023 5.27516e-06 8.01206 1.44125
769 0.00160394 0.00685529 0.000163023 5.27516e-06 8.01206 1.44125
770 0.00457724 0.000661098 0.000163023 5.27516e-06 8.01206 1.44125
771 0.000444324 0.000190204 0.000163023 5.27516e-06 8.01206 1.44125
772 0.000430776 0.000347691 0.000163023 5.27516e-06 8.01206 1.44125
773 0.000646393 0.000399209 0.000163023 5.27516e-06 8.01206 1.44125
774 0.000779464 0.00154618 0.000163023 5.27516e-06 8.01206 1.44125
775 0.000755162 0.00445341 0.000163023 5.27516e-06 8.01206 1.44125
776 0.00124552 0.000257932 0.000163023 5.27516e-06 8.01206 1.44125
777 0.000464622 0.000445181 0.000163023 5.27516e-06 8.01206 1.44125
778 0.000525189 0.000965741 0.000163023 5.27516e-06 8.01206 1.44125
779 0.00130408 0.00107217 0.000163023 5.27516e-06 8.01206 1.44125
780 0.000507753 0.000486146 0.000163023 5.27516e-06 8.01206 1.44125
781 0.000458192 0.00136522 0.000163023 5.27516e-06 8.01206 1.44125
782 0.00154479 0.00495548 0.000163023 5.27516e-06 8.01206 1.44125
783 0.00444838 0.000863287 0.000163023 5.27516e-06 8.01206 1.44125
784 0.000404705 0.000434105 0.000163023 5.27516e-06 8.01206 1.44125
785 0.000423236 0.000352336 0.000163023 5.27516e-06 8.01206 1.44125
786 0.000720437 0.00307811 0.000163023 5.27516e-06 8.01206 1.44125
787 0.00140959 0.000181856 0.000163023 5.27516e-06 8.01206 1.44125
788 0.000277887 0.000243724 0.000163023 5.27516e-06 8.01206 1.44125
789 0.000294574 0.000185563 0.000163023 5.27516e-06 8.01206 1.44125
790 0.000313345 0.000193047 0.000163023 5.27516e-06 8.01206 1.44125
791 0.00028331 0.000259337 0.000163023 5.27516e-06 8.01206 1.44125
792 0.000307685 0.000251557 0.000163023 5.27516e-06 8.01206 1.44125
793 0.000278207 0.000259405 0.000163023 5.27516e-06 8.01206 1.44125
794 0.000383932 0.000224588 0.000163023 5.27516e-06 8.01206 1.44125
795 0.000367702 0.000294849 0.000163023 5.27516e-06 8.01206 1.44125
796 0.000303387 0.000225035 0.000163023 5.27516e-06 8.01206 1.44125
797 0.00034654 0.00042764 0.000163023 5.27516e-06 8.01206 1.44125
798 0.000392657 0.000539195 0.000163023 5.27516e-06 8.01206 1.44125
799 0.000322196 0.000252891 0.000163023 5.27516e-06 8.01206 1.44125
800 0.000323513 0.000343455 0.000163023 5.27516e-06 8.01206 1.44125
801 0.000327704 0.000212705 0.000163023 5.27516e-06 8.01206 1.44125
802 0.000341118 0.000948583 0.000163023 5.27516e-06 8.01206 1.44125
803 0.000386793 0.000264651 0.000163023 5.27516e-06 8.01206 1.44125
804 0.000334972 0.000187104 0.000163023 5.27516e-06 8.01206 1.44125
805 0.000476634 0.000663287 0.000163023 5.27516e-06 8.01206 1.44125
806 0.00046544 0.000302119 0.000163023 5.27516e-06 8.01206 1.44125
807 0.000366082 0.000374284 0.000163023 5.27516e-06 8.01206 1.44125
808 0.000434992 0.000251138 0.000163023 5.27516e-06 8.01206 1.44125
809 0.000307987 0.000260043 0.000163023 5.27516e-06 8.01206 1.44125
810 0.000326761 0.000356022 0.000163023 5.27516e-06 8.01206 1.44125
811 0.00043345 0.000264567 0.000163023 5.27516e-06 8.01206 1.44125
812 0.000321366 0.000263411 0.000163023 5.27516e-06 8.01206 1.44125
813 0.000353154 0.000183875 0.000163023 5.27516e-06 8.01206 1.44125
814 0.000302546 0.000176027 0.000163023 5.27516e-06 8.01206 1.44125
815 0.000378023 0.000461292 0.000163023 5.27516e-06 8.01206 1.44125
816 0.000351319 0.000273371 0.000163023 5.27516e-06 8.01206 1.44125
817 0.000304936 0.000272001 0.000163023 5.27516e-06 8.01206 1.44125
818 0.000316602 0.000435419 0.000163023 5.27516e-06 8.01206 1.44125
819 0.000331793 0.000335484 0.000163023 5.27516e-06 8.01206 1.44125
820 0.000448494 0.00127633 0.000163023 5.27516e-06 8.01206 1.44125
821 0.00045355 0.000302966 0.000163023 5.27516e-06 8.01206 1.44125
822 0.000401161 0.000430383 0.000163023 5.27516e-06 8.01206 1.44125
823 0.000354581 0.000230344 0.000163023 5.27516e-06 8.01206 1.44125
824 0.000437575 0.000559498 0.000163023 5.27516e-06 8.01206 1.44125
825 0.000377199 0.000556377 0.000163023 5.27516e-06 8.01206 1.44125
826 0.000442666 0.000477587 0.000163023 5.27516e-06 8.01206 1.44125
827 0.000368595 0.000292698 0.000163023 5.27516e-06 8.01206 1.44125
828 0.000477153 0.000289177 0.000163023 5.27516e-06 8.01206 1.44125
829 0.000304501 0.000241324 0.000163023 5.27516e-06 8.01206 1.44125
830 0.000329142 0.000204263 0.000163023 5.27516e-06 8.01206 1.44125
831 0.000496902 0.000368977 0.000163023 5.27516e-06 8.01206 1.44125
832 0.000390305 0.00152156 0.000163023 5.27516e-06 8.01206 1.44125
833 0.000667004 0.000269801 0.000163023 5.27516e-06 8.01206 1.44125
834 0.000308932 0.000223411 0.000163023 5.27516e-06 8.01206 1.44125
835 0.000364328 0.000535987 0.000163023 5.27516e-06 8.01206 1.44125
836 0.000608333 0.000478485 0.000163023 5.27516e-06 8.01206 1.44125
837 0.00048569 0.000404511 0.000163023 5.27516e-06 8.01206 1.44125
838 0.00043467 0.00116297 0.000163023 5.27516e-06 8.01206 1.44125
839 0.00060184 0.000351144 0.000163023 5.27516e-06 8.01206 1.44125
840 0.00041364 0.000419329 0.000163023 5.27516e-06 8.01206 1.44125
841 0.000335051 0.000164325 0.000163023 5.27516e-06 8.01206 1.44125
842 0.000434542 0.000263786 0.000163023 5.27516e-06 8.01206 1.44125
843 0.00060835 0.000457969 0.000163023 5.27516e-06 8.01206 1.44125
844 0.000372177 0.00024463 0.000163023 5.27516e-06 8.01206 1.44125
845 0.000483292 0.000630124 0.000163023 5.27516e-06 8.01206 1.44125
846 0.000398586 0.000272649 0.000163023 5.27516e-06 8.01206 1.44125
847 0.000374996 0.000186216 0.000163023 5.27516e-06 8.01206 1.44125
848 0.000987569 0.000312764 0.000163023 5.27516e-06 8.01206 1.44125
849 0.000604761 0.00110259 0.000163023 5.27516e-06 8.01206 1.44125
850 0.000661018 0.000273724 0.000163023 5.27516e-06 8.01206 1.44125
851 0.0004787 0.000485697 0.000163023 5.27516e-06 8.01206 1.44125
852 0.000429527 0.000342643 0.000163023 5.27516e-06 8.01206 1.44125
853 0.000394484 0.00024194 0.000163023 5.27516e-06 8.01206 1.44125
854 0.0003635 0.000240815 0.000163023 5.27516e-06 8.01206 1.44125
855 0.00048609 0.000336487 0.000163023 5.27516e-06 8.01206 1.44125
856 0.00039273 0.000679624 0.000163023 5.27516e-06 8.01206 1.44125
857 0.000598228 0.000255032 0.000163023 5.27516e-06 8.01206 1.44125
858 0.000324249 0.000814075 0.000163023 5.27516e-06 8.01206 1.44125
859 0.000597618 0.000510021 0.000163023 5.27516e-06 8.01206 1.44125
860 0.000353858 0.0003494 0.000163023 5.27516e-06 8.01206 1.44125
861 0.000440812 0.000352007 0.000163023 5.27516e-06 8.01206 1.44125
862 0.00041365 0.000252407 0.000163023 5.27516e-06 8.01206 1.44125
863 0.000596174 0.000727602 0.000163023 5.27516e-06 8.01206 1.44125
864 0.000709679 0.000312454 0.000163023 5.27516e-06 8.01206 1.44125
865 0.000377938 0.000375327 0.000163023 5.27516e-06 8.01206 1.44125
866 0.00032052 0.000235941 0.000163023 5.27516e-06 8.01206 1.44125
867 0.000518412 0.000340155 0.000163023 5.27516e-06 8.01206 1.44125
868 0.000392099 0.000379213 0.000163023 5.27516e-06 8.01206 1.44125
869 0.000369774 0.0003877 0.000163023 5.27516e-06 8.01206 1.44125
870 0.00037706 0.00106629 0.000163023 5.27516e-06 8.01206 1.44125
871 0.000552959 0.00106958 0.000163023 5.27516e-06 8.01206 1.44125
872 0.000440616 0.00025269 0.000163023 5.27516e-06 8.01206 1.44125
873 0.000357321 0.00020198 0.000163023 5.27516e-06 8.01206 1.44125
874 0.000450127 0.000729188 0.000163023 5.27516e-06 8.01206 1.44125
875 0.000396633 0.000322613 0.000163023 5.27516e-06 8.01206 1.44125
876 0.000329716 0.00048331 0.000163023 5.27516e-06 8.01206 1.44125
877 0.00053567 0.000627456 0.000163023 5.27516e-06 8.01206 1.44125
878 0.000381142 0.000295998 0.000163023 5.27516e-06 8.01206 1.44125
879 0.000344923 0.000433315 0.000163023 5.27516e-06 8.01206 1.44125
880 0.000747962 0.000371907 0.000163023 5.27516e-06 8.01206 1.44125
881 0.000492944 0.000801477 0.000163023 5.27516e-06 8.01206 1.44125
882 0.000604433 0.000190581 0.000163023 5.27516e-06 8.01206 1.44125
883 0.00033136 0.000443672 0.000163023 5.27516e-06 8.01206 1.44125
884 0.00059321 0.000322797 0.000163023 5.27516e-06 8.01206 1.44125
885 0.000359897 0.000227197 0.000163023 5.27516e-06 8.01206 1.44125
886 0.000419058 0.000189102 0.000163023 5.27516e-06 8.01206 1.44125
887 0.000347155 0.000393845 0.000163023 5.27516e-06 8.01206 1.44125
888 0.000297177 0.000206749 0.000163023 5.27516e-06 8.01206 1.44125
889 0.000271586 0.00017072 0.000163023 5.27516e-06 8.01206 1.44125
890 0.000290517 0.000206001 0.000163023 5.27516e-06 8.01206 1.44125
891 0.000263931 0.00022216 0.000163023 5.27516e-06 8.01206 1.44125
892 0.00028453 0.000266173 0.000163023 5.27516e-06 8.01206 1.44125
893 0.000302456 0.000318906 0.000163023 5.27516e-06 8.01206 1.44125
894 0.000328512 0.000217816 0.000163023 5.27516e-06 8.01206 1.44125
895 0.000280687 0.000279524 0.000163023 5.27516e-06 8.01206 1.44125
896 0.000274719 0.000214957 0.000163023 5.27516e-06 8.01206 1.44125
897 0.000286209 0.00021229 0.000163023 5.27516e-06 8.01206 1.44125
898 0.000270726 0.000192106 0.000163023 5.27516e-06 8.01206 1.44125
899 0.000274061 0.000202603 0.000163023 5.27516e-06 8.01206 1.44125
900 0.00030723 0.000269673 0.000163023 5.27516e-06 8.01206 1.44125
901 0.000332552 0.000207057 0.000163023 5.27516e-06 8.01206 1.44125
902 0.000281598 0.000226523 0.000163023 5.27516e-06 8.01206 1.44125
903 0.000324134 0.000266082 0.000163023 5.27516e-06 8.01206 1.44125
904 0.000286136 0.00028104 0.000163023 5.27516e-06 8.01206 1.44125
905 0.000289076 0.000159794 0.000163023 5.27516e-06 8.01206 1.44125
906 0.000332341 0.000418097 0.000159794 5.06853e-06 7.93233 1.41274
907 0.000368977 0.000368729 0.000159794 5.06853e-06 7.93233 1.41274
908 0.000291298 0.000260664 0.000159794 5.06853e-06 7.93233 1.41274
909 0.000283603 0.000251486 0.000159794 5.06853e-06 7.93233 1.41274
910 0.000302493 0.000182604 0.000159794 5.06853e-06 7.93233 1.41274
911 0.000275503 0.000207147 0.000159794 5.06853e-06 7.93233 1.41274
912 0.00029192 0.000188573 0.000159794 5.06853e-06 7.93233 1.41274
913 0.000224758 0.00018864 0.000159794 5.06853e-06 7.93233 1.41274
914 0.000333563 0.000208847 0.000159794 5.06853e-06 7.93233 1.41274
915 0.000367996 0.0002689 0.000159794 5.06853e-06 7.93233 1.41274
916 0.000272697 0.000283286 0.000159794 5.06853e-06 7.93233 1.41274
917 0.000287133 0.000210892 0.000159794 5.06853e-06 7.93233 1.41274
918 0.000321155 0.000261805 0.000159794 5.06853e-06 7.93233 1.41274
919 0.00028657 0.000186139 0.000159794 5.06853e-06 7.93233 1.41274
920 0.00029417 0.000277839 0.000159794 5.06853e-06 7.93233 1.41274
921 0.000302852 0.000248414 0.000159794 5.06853e-06 7.93233 1.41274
922 0.000326107 0.000331105 0.000159794 5.06853e-06 7.93233 1.41274
923 0.000322357 0.000210655 0.000159794 5.06853e-06 7.93233 1.41274
924 0.00031738 0.000224541 0.000159794 5.06853e-06 7.93233 1.41274
925 0.000326974 0.00031007 0.000159794 5.06853e-06 7.93233 1.41274
926 0.000321398 0.000213358 0.000159794 5.06853e-06 7.93233 1.41274
927 0.000367132 0.00028014 0.000159794 5.06853e-06 7.93233 1.41274
928 0.000278667 0.00026673 0.000159794 5.06853e-06 7.93233 1.41274
929 0.000320923 0.000246518 0.000159794 5.06853e-06 7.93233 1.41274
930 0.000305773 0.000198467 0.000159794 5.06853e-06 7.93233 1.41274
931 0.000425175 0.000223361 0.000159794 5.06853e-06 7.93233 1.41274
932 0.000287644 0.000176977 0.000159794 5.06853e-06 7.93233 1.41274
933 0.000300145 0.000226437 0.000159794 5.06853e-06 7.93233 1.41274
934 0.000299194 0.000215978 0.000159794 5.06853e-06 7.93233 1.41274
935 0.000294292 0.000260121 0.000159794 5.06853e-06 7.93233 1.41274
936 0.00031546 0.000424728 0.000159794 5.06853e-06 7.93233 1.41274
937 0.000320287 0.000221942 0.000159794 5.06853e-06 7.93233 1.41274
938 0.000336011 0.000265246 0.000159794 5.06853e-06 7.93233 1.41274
939 0.000319415 0.00024491 0.000159794 5.06853e-06 7.93233 1.41274
940 0.000331732 0.000343404 0.000159794 5.06853e-06 7.93233 1.41274
941 0.000291111 0.000200393 0.000159794 5.06853e-06 7.93233 1.41274
942 0.000294612 0.000329952 0.000159794 5.06853e-06 7.93233 1.41274
943 0.000358019 0.000185975 0.000159794 5.06853e-06 7.93233 1.41274
944 0.000334603 0.000170089 0.000159794 5.06853e-06 7.93233 1.41274
945 0.000341887 0.000195146 0.000159794 5.06853e-06 7.93233 1.41274
946 0.000324645 0.000231643 0.000159794 5.06853e-06 7.93233 1.41274
947 0.000268803 0.000336661 0.000159794 5.06853e-06 7.93233 1.41274
948 0.0003612 0.000415494 0.000159794 5.06853e-06 7.93233 1.41274
949 0.000406446 0.000326371 0.000159794 5.06853e-06 7.93233 1.41274
950 0.000373492 0.000212229 0.000159794 5.06853e-06 7.93233 1.41274
951 0.000348453 0.000309256 0.000159794 5.06853e-06 7.93233 1.41274
952 0.000296878 0.000251692 0.000159794 5.06853e-06 7.93233 1.41274
953 0.000350444 0.000261079 0.000159794 5.06853e-06 7.93233 1.41274
954 0.000300245 0.000245992 0.000159794 5.06853e-06 7.93233 1.41274
955 0.000276315 0.000231388 0.000159794 5.06853e-06 7.93233 1.41274
956 0.000308957 0.000176804 0.000159794 5.06853e-06 7.93233 1.41274
957 0.000285702 0.000272409 0.000159794 5.06853e-06 7.93233 1.41274
958 0.000394806 0.000203082 0.000159794 5.06853e-06 7.93233 1.41274
959 0.00033848 0.000248152 0.000159794 5.06853e-06 7.93233 1.41274
960 0.000358115 0.000248498 0.000159794 5.06853e-06 7.93233 1.41274
961 0.000373859 0.000253878 0.000159794 5.06853e-06 7.93233 1.41274
962 0.000309671 0.00026181 0.000159794 5.06853e-06 7.93233 1.41274
963 0.000390021 0.000341178 0.000159794 5.06853e-06 7.93233 1.41274
964 0.000308867 0.000367196 0.000159794 5.06853e-06 7.93233 1.41274
965 0.000363614 0.000231339 0.000159794 5.06853e-06 7.93233 1.41274
966 0.000277956 0.000317287 0.000159794 5.06853e-06 7.93233 1.41274
967 0.000466063 0.000239658 0.000159794 5.06853e-06 7.93233 1.41274
968 0.000541251 0.00029808 0.000159794 5.06853e-06 7.93233 1.41274
969 0.000322319 0.00022124 0.000159794 5.06853e-06 7.93233 1.41274
970 0.000293371 0.000230502 0.000159794 5.06853e-06 7.93233 1.41274
971 0.000387963 0.000277599 0.000159794 5.06853e-06 7.93233 1.41274
972 0.00033007 0.00033677 0.000159794 5.06853e-06 7.93233 1.41274
973 0.000299993 0.000358859 0.000159794 5.06853e-06 7.93233 1.41274
974 0.000341152 0.000231834 0.000159794 5.06853e-06 7.93233 1.41274
975 0.00033438 0.000253129 0.000159794 5.06853e-06 7.93233 1.41274
976 0.000347288 0.000256233 0.000159794 5.06853e-06 7.93233 1.41274
977 0.000280061 0.00022568 0.000159794 5.06853e-06 7.93233 1.41274
978 0.000274656 0.000186336 0.000159794 5.06853e-06 7.93233 1.41274
979 0.00038482 0.000241624 0.000159794 5.06853e-06 7.93233 1.41274
980 0.000378959 0.000265969 0.000159794 5.06853e-06 7.93233 1.41274
981 0.000316134 0.000239781 0.000159794 5.06853e-06 7.93233 1.41274
982 0.000293218 0.00024844 0.000159794 5.06853e-06 7.93233 1.41274
983 0.00037392 0.000207277 0.000159794 5.06853e-06 7.93233 1.41274
984 0.000362246 0.000255208 0.000159794 5.06853e-06 7.93233 1.41274
985 0.000448555 0.000419094 0.000159794 5.06853e-06 7.93233 1.41274
986 0.000360289 0.000244322 0.000159794 5.06853e-06 7.93233 1.41274
987 0.000295194 0.000361616 0.000159794 5.06853e-06 7.93233 1.41274
988 0.000287793 0.000299168 0.000159794 5.06853e-06 7.93233 1.41274
989 0.000368735 0.000191545 0.000159794 5.06853e-06 7.93233 1.41274
990 0.00034759 0.000219699 0.000159794 5.06853e-06 7.93233 1.41274
991 0.000305686 0.000250371 0.000159794 5.06853e-06 7.93233 1.41274
992 0.000345276 0.000200967 0.000159794 5.06853e-06 7.93233 1.41274
993 0.000272395 0.000304035 0.000159794 5.06853e-06 7.93233 1.41274
994 0.000358909 0.000237127 0.000159794 5.06853e-06 7.93233 1.41274
995 0.000343929 0.000270132 0.000159794 5.06853e-06 7.93233 1.41274
996 0.000372677 0.000377805 0.000159794 5.06853e-06 7.93233 1.41274
997 0.000325504 0.000287556 0.000159794 5.06853e-06 7.93233 1.41274
998 0.000343062 0.00023236 0.000159794 5.06853e-06 7.93233 1.41274
999 0.00025332 0.000262228 0.000159794 5.06853e-06 7.93233 1.41274
1000 0.000308304 0.000261442 0.000159794 5.06853e-06 7.93233 1.41274
1001 0.000298561 0.000276243 0.000159794 5.06853e-06 7.93233 1.41274
1002 0.000309317 0.000251443 0.000159794 5.06853e-06 7.93233 1.41274
1003 0.000292468 0.000226933 0.000159794 5.06853e-06 7.93233 1.41274
1004 0.000283159 0.000175096 0.000159794 5.06853e-06 7.93233 1.41274
1005 0.000338034 0.000216016 0.000159794 5.06853e-06 7.93233 1.41274
1006 0.000273379 0.000234196 0.000159794 5.06853e-06 7.93233 1.41274
1007 0.000256323 0.000204876 0.000159794 5.06853e-06 7.93233 1.41274
1008 0.000274762 0.000339961 0.000159794 5.06853e-06 7.93233 1.41274
1009 0.000280361 0.000230778 0.000159794 5.06853e-06 7.93233 1.41274
1010 0.000261015 0.000224346 0.000159794 5.06853e-06 7.93233 1.41274
1011 0.000263585 0.000237214 0.000159794 5.06853e-06 7.93233 1.41274
1012 0.000259081 0.000245075 0.000159794 5.06853e-06 7.93233 1.41274
1013 0.000281457 0.000297329 0.000159794 5.06853e-06 7.93233 1.41274
1014 0.000271756 0.000279811 0.000159794 5.06853e-06 7.93233 1.41274
1015 0.000261717 0.000261481 0.000159794 5.06853e-06 7.93233 1.41274
1016 0.000324394 0.000209789 0.000159794 5.06853e-06 7.93233 1.41274
1017 0.000281154 0.000191825 0.000159794 5.06853e-06 7.93233 1.41274
1018 0.000263911 0.000222436 0.000159794 5.06853e-06 7.93233 1.41274
1019 0.000223012 0.000188934 0.000159794 5.06853e-06 7.93233 1.41274
1020 0.000256226 0.000210128 0.000159794 5.06853e-06 7.93233 1.41274
1021 0.000259229 0.000194237 0.000159794 5.06853e-06 7.93233 1.41274
1022 0.000275734 0.00024248 0.000159794 5.06853e-06 7.93233 1.41274
1023 0.000286011 0.000278829 0.000159794 5.06853e-06 7.93233 1.41274
1024 0.000275372 0.000237054 0.000159794 5.06853e-06 7.93233 1.41274
1025 0.000220799 0.000255484 0.000159794 5.06853e-06 7.93233 1.41274
1026 0.000276969 0.000218394 0.000159794 5.06853e-06 7.93233 1.41274
1027 0.000268506 0.000238763 0.000159794 5.06853e-06 7.93233 1.41274
1028 0.000304246 0.000335366 0.000159794 5.06853e-06 7.93233 1.41274
1029 0.000337795 0.000261744 0.000159794 5.06853e-06 7.93233 1.41274
1030 0.000297282 0.000226177 0.000159794 5.06853e-06 7.93233 1.41274
1031 0.00029566 0.000298908 0.000159794 5.06853e-06 7.93233 1.41274
1032 0.000331227 0.000178512 0.000159794 5.06853e-06 7.93233 1.41274
1033 0.000258239 0.000234625 0.000159794 5.06853e-06 7.93233 1.41274
1034 0.000325835 0.000212684 0.000159794 5.06853e-06 7.93233 1.41274
1035 0.00027095 0.000219729 0.000159794 5.06853e-06 7.93233 1.41274
1036 0.000300739 0.000316612 0.000159794 5.06853e-06 7.93233 1.41274
1037 0.000299692 0.000305182 0.000159794 5.06853e-06 7.93233 1.41274
1038 0.000274308 0.000241229 0.000159794 5.06853e-06 7.93233 1.41274
1039 0.00028098 0.000273423 0.000159794 5.06853e-06 7.93233 1.41274
1040 0.000282799 0.000259436 0.000159794 5.06853e-06 7.93233 1.41274
1041 0.00025901 0.000232144 0.000159794 5.06853e-06 7.93233 1.41274
1042 0.00026563 0.00023419 0.000159794 5.06853e-06 7.93233 1.41274
1043 0.000261179 0.000251872 0.000159794 5.06853e-06 7.93233 1.41274
1044 0.000270423 0.000186818 0.000159794 5.06853e-06 7.93233 1.41274
1045 0.000297529 0.000179776 0.000159794 5.06853e-06 7.93233 1.41274
1046 0.00031567 0.000210817 0.000159794 5.06853e-06 7.93233 1.41274
1047 0.000274297 0.000214728 0.000159794 5.06853e-06 7.93233 1.41274
1048 0.000287448 0.000166728 0.000159794 5.06853e-06 7.93233 1.41274
1049 0.000221971 0.000214292 0.000159794 5.06853e-06 7.93233 1.41274
1050 0.000299529 0.000418851 0.000159794 5.06853e-06 7.93233 1.41274
1051 0.0002768 0.000243497 0.000159794 5.06853e-06 7.93233 1.41274
1052 0.000266572 0.000279548 0.000159794 5.06853e-06 7.93233 1.41274
1053 0.000286777 0.000170534 0.000159794 5.06853e-06 7.93233 1.41274
1054 0.000285744 0.00023817 0.000159794 5.06853e-06 7.93233 1.41274
1055 0.000270581 0.000187836 0.000159794 5.06853e-06 7.93233 1.41274
1056 0.000311338 0.000220889 0.000159794 5.06853e-06 7.93233 1.41274
1057 0.000276488 0.000248745 0.000159794 5.06853e-06 7.93233 1.41274
1058 0.000353292 0.000188351 0.000159794 5.06853e-06 7.93233 1.41274
1059 0.000260816 0.000179983 0.000159794 5.06853e-06 7.93233 1.41274
1060 0.000257149 0.000209386 0.000159794 5.06853e-06 7.93233 1.41274
1061 0.000301869 0.000214291 0.000159794 5.06853e-06 7.93233 1.41274
1062 0.000263805 0.000282222 0.000159794 5.06853e-06 7.93233 1.41274
1063 0.000310324 0.000241263 0.000159794 5.06853e-06 7.93233 1.41274
1064 0.000319637 0.000209454 0.000159794 5.06853e-06 7.93233 1.41274
1065 0.000308921 0.000268153 0.000159794 5.06853e-06 7.93233 1.41274
1066 0.00026448 0.000233103 0.000159794 5.06853e-06 7.93233 1.41274
1067 0.000284339 0.000278299 0.000159794 5.06853e-06 7.93233 1.41274
1068 0.000295959 0.000235385 0.000159794 5.06853e-06 7.93233 1.41274
1069 0.000262486 0.00020989 0.000159794 5.06853e-06 7.93233 1.41274
1070 0.000265643 0.000215436 0.000159794 5.06853e-06 7.93233 1.41274
1071 0.000273592 0.000351512 0.000159794 5.06853e-06 7.93233 1.41274
1072 0.000266584 0.000222528 0.000159794 5.06853e-06 7.93233 1.41274
1073 0.000260469 0.000319857 0.000159794 5.06853e-06 7.93233 1.41274
1074 0.000275287 0.000212852 0.000159794 5.06853e-06 7.93233 1.41274
1075 0.000284241 0.000253119 0.000159794 5.06853e-06 7.93233 1.41274
1076 0.000288493 0.000225625 0.000159794 5.06853e-06 7.93233 1.41274
1077 0.000285604 0.000220189 0.000159794 5.06853e-06 7.93233 1.41274
1078 0.000271969 0.000233444 0.000159794 5.06853e-06 7.93233 1.41274
1079 0.000293305 0.000234875 0.000159794 5.06853e-06 7.93233 1.41274
1080 0.00029687 0.000219344 0.000159794 5.06853e-06 7.93233 1.41274
1081 0.000290691 0.000344151 0.000159794 5.06853e-06 7.93233 1.41274
1082 0.000238396 0.000204903 0.000159794 5.06853e-06 7.93233 1.41274
1083 0.00035877 0.000216442 0.000159794 5.06853e-06 7.93233 1.41274
1084 0.000318057 0.000224651 0.000159794 5.06853e-06 7.93233 1.41274
1085 0.00028058 0.000246426 0.000159794 5.06853e-06 7.93233 1.41274
1086 0.00028391 0.000422091 0.000159794 5.06853e-06 7.93233 1.41274
1087 0.000273652 0.000275037 0.000159794 5.06853e-06 7.93233 1.41274
1088 0.000271544 0.000183815 0.000159794 5.06853e-06 7.93233 1.41274
1089 0.000267372 0.000317939 0.000159794 5.06853e-06 7.93233 1.41274
1090 0.000296817 0.000206175 0.000159794 5.06853e-06 7.93233 1.41274
1091 0.00030223 0.000236399 0.000159794 5.06853e-06 7.93233 1.41274
1092 0.000270125 0.000276342 0.000159794 5.06853e-06 7.93233 1.41274
1093 0.000257278 0.000167418 0.000159794 5.06853e-06 7.93233 1.41274
1094 0.000302696 0.000317425 0.000159794 5.06853e-06 7.93233 1.41274
1095 0.0003146 0.000311 0.000159794 5.06853e-06 7.93233 1.41274
1096 0.000381091 0.000326641 0.000159794 5.06853e-06 7.93233 1.41274
1097 0.000299071 0.000154499 0.000159794 5.06853e-06 7.93233 1.41274
1098 0.000281392 0.000241941 0.000154499 4.99054e-06 7.79979 1.40183
1099 0.000287916 0.000248425 0.000154499 4.99054e-06 7.79979 1.40183
1100 0.000262712 0.000224952 0.000154499 4.99054e-06 7.79979 1.40183
1101 0.000268889 0.000277798 0.000154499 4.99054e-06 7.79979 1.40183
1102 0.000284478 0.000250407 0.000154499 4.99054e-06 7.79979 1.40183
1103 0.000307475 0.00015878 0.000154499 4.99054e-06 7.79979 1.40183
1104 0.00027067 0.000193077 0.000154499 4.99054e-06 7.79979 1.40183
1105 0.000280151 0.000316377 0.000154499 4.99054e-06 7.79979 1.40183
1106 0.00026497 0.000226828 0.000154499 4.99054e-06 7.79979 1.40183
1107 0.000260199 0.000247402 0.000154499 4.99054e-06 7.79979 1.40183
1108 0.000268912 0.000213328 0.000154499 4.99054e-06 7.79979 1.40183
1109 0.000260455 0.00027928 0.000154499 4.99054e-06 7.79979 1.40183
1110 0.000284745 0.000228347 0.000154499 4.99054e-06 7.79979 1.40183
1111 0.000268085 0.000181667 0.000154499 4.99054e-06 7.79979 1.40183
1112 0.000257437 0.000224976 0.000154499 4.99054e-06 7.79979 1.40183
1113 0.00025617 0.000181914 0.000154499 4.99054e-06 7.79979 1.40183
1114 0.000290998 0.000225916 0.000154499 4.99054e-06 7.79979 1.40183
1115 0.000280638 0.00023665 0.000154499 4.99054e-06 7.79979 1.40183
1116 0.00028218 0.000227718 0.000154499 4.99054e-06 7.79979 1.40183
1117 0.000310258 0.000251594 0.000154499 4.99054e-06 7.79979 1.40183
1118 0.000285284 0.00020904 0.000154499 4.99054e-06 7.79979 1.40183
1119 0.000277431 0.000245979 0.000154499 4.99054e-06 7.79979 1.40183
1120 0.000286405 0.000269895 0.000154499 4.99054e-06 7.79979 1.40183
1121 0.00033942 0.000283147 0.000154499 4.99054e-06 7.79979 1.40183
1122 0.000277578 0.000250631 0.000154499 4.99054e-06 7.79979 1.40183
1123 0.000288041 0.000262602 0.000154499 4.99054e-06 7.79979 1.40183
1124 0.000281462 0.000266206 0.000154499 4.99054e-06 7.79979 1.40183
1125 0.000282708 0.000181135 0.000154499 4.99054e-06 7.79979 1.40183
1126 0.000287111 0.00024011 0.000154499 4.99054e-06 7.79979 1.40183
1127 0.000295381 0.000218601 0.000154499 4.99054e-06 7.79979 1.40183
1128 0.000370069 0.000347279 0.000154499 4.99054e-06 7.79979 1.40183
1129 0.000258741 0.000173687 0.000154499 4.99054e-06 7.79979 1.40183
1130 0.000284531 0.000224857 0.000154499 4.99054e-06 7.79979 1.40183
1131 0.000324415 0.000239924 0.000154499 4.99054e-06 7.79979 1.40183
1132 0.000265137 0.000229277 0.000154499 4.99054e-06 7.79979 1.40183
1133 0.000290841 0.000357528 0.000154499 4.99054e-06 7.79979 1.40183
1134 0.000314454 0.000266909 0.000154499 4.99054e-06 7.79979 1.40183
1135 0.000344181 0.000221305 0.000154499 4.99054e-06 7.79979 1.40183
1136 0.000310048 0.000212593 0.000154499 4.99054e-06 7.79979 1.40183
1137 0.000257908 0.000178511 0.000154499 4.99054e-06 7.79979 1.40183
1138 0.000273081 0.00018852 0.000154499 4.99054e-06 7.79979 1.40183
1139 0.000275614 0.000194871 0.000154499 4.99054e-06 7.79979 1.40183
1140 0.000278048 0.00021125 0.000154499 4.99054e-06 7.79979 1.40183
1141 0.000296442 0.00024069 0.000154499 4.99054e-06 7.79979 1.40183
1142 0.000286092 0.000208402 0.000154499 4.99054e-06 7.79979 1.40183
1143 0.000277099 0.000242434 0.000154499 4.99054e-06 7.79979 1.40183
1144 0.000265831 0.000225223 0.000154499 4.99054e-06 7.79979 1.40183
1145 0.000311259 0.000172465 0.000154499 4.99054e-06 7.79979 1.40183
1146 0.000272948 0.000247925 0.000154499 4.99054e-06 7.79979 1.40183
1147 0.000268229 0.000269962 0.000154499 4.99054e-06 7.79979 1.40183
1148 0.000294769 0.000233881 0.000154499 4.99054e-06 7.79979 1.40183
1149 0.000289325 0.000264254 0.000154499 4.99054e-06 7.79979 1.40183
1150 0.000267431 0.000196032 0.000154499 4.99054e-06 7.79979 1.40183
1151 0.000241621 0.000215781 0.000154499 4.99054e-06 7.79979 1.40183
1152 0.000276861 0.000219759 0.000154499 4.99054e-06 7.79979 1.40183
1153 0.000284845 0.000301851 0.000154499 4.99054e-06 7.79979 1.40183
1154 0.000325466 0.000253243 0.000154499 4.99054e-06 7.79979 1.40183
1155 0.000270489 0.000205425 0.000154499 4.99054e-06 7.79979 1.40183
1156 0.000340973 0.000341379 0.000154499 4.99054e-06 7.79979 1.40183
1157 0.000286204 0.000260579 0.000154499 4.99054e-06 7.79979 1.40183
1158 0.000276894 0.000305383 0.000154499 4.99054e-06 7.79979 1.40183
1159 0.000303041 0.000202428 0.000154499 4.99054e-06 7.79979 1.40183
1160 0.000259949 0.000213825 0.000154499 4.99054e-06 7.79979 1.40183
1161 0.000271417 0.000196645 0.000154499 4.99054e-06 7.79979 1.40183
1162 0.000322121 0.000268422 0.000154499 4.99054e-06 7.79979 1.40183
1163 0.000289973 0.000184996 0.000154499 4.99054e-06 7.79979 1.40183
1164 0.000285853 0.000176866 0.000154499 4.99054e-06 7.79979 1.40183
1165 0.000272712 0.00020926 0.000154499 4.99054e-06 7.79979 1.40183
1166 0.000270277 0.000280483 0.000154499 4.99054e-06 7.79979 1.40183
1167 0.000309328 0.000299251 0.000154499 4.99054e-06 7.79979 1.40183
1168 0.000301574 0.000341857 0.000154499 4.99054e-06 7.79979 1.40183
1169 0.000279799 0.00027816 0.000154499 4.99054e-06 7.79979 1.40183
1170 0.000298241 0.000222051 0.000154499 4.99054e-06 7.79979 1.40183
1171 0.000329335 0.000171305 0.000154499 4.99054e-06 7.79979 1.40183
1172 0.000269738 0.000229697 0.000154499 4.99054e-06 7.79979 1.40183
1173 0.00027172 0.000271871 0.000154499 4.99054e-06 7.79979 1.40183
1174 0.000292029 0.000210434 0.000154499 4.99054e-06 7.79979 1.40183
1175 0.000279456 0.000201401 0.000154499 4.99054e-06 7.79979 1.40183
1176 0.000267796 0.000267215 0.000154499 4.99054e-06 7.79979 1.40183
1177 0.000277281 0.000542507 0.000154499 4.99054e-06 7.79979 1.40183
1178 0.000339837 0.000327182 0.000154499 4.99054e-06 7.79979 1.40183
1179 0.00026315 0.00017962 0.000154499 4.99054e-06 7.79979 1.40183
1180 0.000260499 0.000272921 0.000154499 4.99054e-06 7.79979 1.40183
1181 0.000282895 0.000183836 0.000154499 4.99054e-06 7.79979 1.40183
1182 0.000259974 0.000248907 0.000154499 4.99054e-06 7.79979 1.40183
1183 0.000310623 0.000273327 0.000154499 4.99054e-06 7.79979 1.40183
1184 0.000345884 0.00027306 0.000154499 4.99054e-06 7.79979 1.40183
1185 0.000264321 0.000205366 0.000154499 4.99054e-06 7.79979 1.40183
1186 0.000266243 0.000201408 0.000154499 4.99054e-06 7.79979 1.40183
1187 0.000280257 0.000390878 0.000154499 4.99054e-06 7.79979 1.40183
1188 0.000313685 0.000228938 0.000154499 4.99054e-06 7.79979 1.40183
1189 0.000305071 0.000333222 0.000154499 4.99054e-06 7.79979 1.40183
1190 0.00033758 0.000267655 0.000154499 4.99054e-06 7.79979 1.40183
1191 0.000262889 0.000287905 0.000154499 4.99054e-06 7.79979 1.40183
1192 0.000258719 0.000219601 0.000154499 4.99054e-06 7.79979 1.40183
1193 0.000275794 0.000365174 0.000154499 4.99054e-06 7.79979 1.40183
1194 0.000286317 0.000266887 0.000154499 4.99054e-06 7.79979 1.40183
1195 0.000281271 0.000310163 0.000154499 4.99054e-06 7.79979 1.40183
1196 0.000291059 0.000166614 0.000154499 4.99054e-06 7.79979 1.40183
1197 0.000253781 0.00016431 0.000154499 4.99054e-06 7.79979 1.40183
