1 117.839 1.80071 1.79769e+308 1.79769e+308 inf inf
2 1.70759 0.498232 1.79769e+308 1.79769e+308 inf inf
3 0.38374 0.21629 0.498232 0.0149906 442.931 76.8299
4 0.223839 0.184895 0.21629 0.0106614 291.836 64.7928
5 0.158025 0.131507 0.184895 0.00805658 269.825 56.3243
6 0.110757 0.0768916 0.131507 0.00607821 227.559 48.9225
7 0.0796446 0.0796665 0.0768916 0.00465751 174.004 42.825
8 0.0647233 0.0492768 0.0768916 0.00465751 174.004 42.825
9 0.0561834 0.0381313 0.0492768 0.00276646 139.297 33.0052
10 0.0464805 0.0309666 0.0381313 0.00217165 122.535 29.2425
11 0.0323995 0.0274123 0.0309666 0.00176664 110.425 26.3751
12 0.0347811 0.0434169 0.0274123 0.00146918 103.895 24.0523
13 0.0324466 0.0136422 0.0274123 0.00146918 103.895 24.0523
14 0.026624 0.0127598 0.0136422 0.00103287 73.2929 20.1671
15 0.0159805 0.0249424 0.0127598 0.000865282 70.8829 18.4586
16 0.0513619 0.0159407 0.0127598 0.000865282 70.8829 18.4586
17 0.0545212 0.0145201 0.0127598 0.000865282 70.8829 18.4586
18 0.0184825 0.0603691 0.0127598 0.000865282 70.8829 18.4586
19 0.0188582 0.0091557 0.0127598 0.000865282 70.8829 18.4586
20 0.0272613 0.0179735 0.0091557 0.000436368 60.0435 13.1083
21 0.158148 0.553662 0.0091557 0.000436368 60.0435 13.1083
22 0.0907708 0.00968675 0.0091557 0.000436368 60.0435 13.1083
23 0.0101261 0.0195616 0.0091557 0.000436368 60.0435 13.1083
24 0.0123909 0.024524 0.0091557 0.000436368 60.0435 13.1083
25 0.0267158 0.0145698 0.0091557 0.000436368 60.0435 13.1083
26 0.177534 0.184571 0.0091557 0.000436368 60.0435 13.1083
27 0.0632604 0.0153486 0.0091557 0.000436368 60.0435 13.1083
28 0.0378644 0.0104664 0.0091557 0.000436368 60.0435 13.1083
29 0.0148251 0.00629822 0.0091557 0.000436368 60.0435 13.1083
30 0.145879 0.126057 0.00629822 0.000155134 49.8 7.81582
31 0.138575 0.0265797 0.00629822 0.000155134 49.8 7.81582
32 0.139957 0.157643 0.00629822 0.000155134 49.8 7.81582
33 0.873506 0.232285 0.00629822 0.000155134 49.8 7.81582
34 0.0597426 0.00385848 0.00629822 0.000155134 49.8 7.81582
35 0.0133523 0.0320286 0.00385848 0.0001095 38.9788 6.56641
36 0.0141094 0.00397522 0.00385848 0.0001095 38.9788 6.56641
37 0.0683964 0.275537 0.00385848 0.0001095 38.9788 6.56641
38 0.704272 0.136251 0.00385848 0.0001095 38.9788 6.56641
39 0.0173761 0.00731144 0.00385848 0.0001095 38.9788 6.56641
40 0.0161327 0.00380178 0.00385848 0.0001095 38.9788 6.56641
41 1.38512 0.535366 0.00380178 7.5135e-05 38.6913 5.43928
42 0.0854935 0.00562387 0.00380178 7.5135e-05 38.6913 5.43928
43 0.00475904 0.0182464 0.00380178 7.5135e-05 38.6913 5.43928
44 0.0121406 0.00721675 0.00380178 7.5135e-05 38.6913 5.43928
45 0.0600783 0.082682 0.00380178 7.5135e-05 38.6913 5.43928
46 0.821504 0.0310876 0.00380178 7.5135e-05 38.6913 5.43928
47 0.0173804 0.0196451 0.00380178 7.5135e-05 38.6913 5.43928
48 0.012673 0.0030254 0.00380178 7.5135e-05 38.6913 5.43928
49 0.111777 1.68309 0.0030254 5.45396e-05 34.5153 4.63421
50 0.81402 1.08814 0.0030254 5.45396e-05 34.5153 4.63421
51 0.542771 0.0451665 0.0030254 5.45396e-05 34.5153 4.63421
52 0.502185 0.0601013 0.0030254 5.45396e-05 34.5153 4.63421
53 0.0932512 0.0356263 0.0030254 5.45396e-05 34.5153 4.63421
54 0.134972 0.0444319 0.0030254 5.45396e-05 34.5153 4.63421
55 0.0298731 0.0386408 0.0030254 5.45396e-05 34.5153 4.63421
56 0.0724718 0.00479657 0.0030254 5.45396e-05 34.5153 4.63421
57 0.286816 0.0176458 0.0030254 5.45396e-05 34.5153 4.63421
58 1.98181 2.03391 0.0030254 5.45396e-05 34.5153 4.63421
59 0.758558 0.0302616 0.0030254 5.45396e-05 34.5153 4.63421
60 0.018593 0.00595304 0.0030254 5.45396e-05 34.5153 4.63421
61 0.00861188 0.00513177 0.0030254 5.45396e-05 34.5153 4.63421
62 0.0109884 0.00238357 0.0030254 5.45396e-05 34.5153 4.63421
63 0.0181953 0.00327166 0.00238357 3.67765e-05 30.6361 3.80545
64 0.0193348 0.00219078 0.00238357 3.67765e-05 30.6361 3.80545
65 0.0151049 0.00945502 0.00219078 3.31819e-05 29.371 3.61469
66 0.0127005 0.00296979 0.00219078 3.31819e-05 29.371 3.61469
67 0.377824 0.0837019 0.00219078 3.31819e-05 29.371 3.61469
68 0.27888 0.0688157 0.00219078 3.31819e-05 29.371 3.61469
69 0.571304 0.07478 0.00219078 3.31819e-05 29.371 3.61469
70 0.0609244 0.00799934 0.00219078 3.31819e-05 29.371 3.61469
71 0.0488343 0.00254812 0.00219078 3.31819e-05 29.371 3.61469
72 0.0611217 0.83218 0.00219078 3.31819e-05 29.371 3.61469
73 3.7678 0.0641929 0.00219078 3.31819e-05 29.371 3.61469
74 0.0939877 0.00304538 0.00219078 3.31819e-05 29.371 3.61469
75 0.00464683 0.00543918 0.00219078 3.31819e-05 29.371 3.61469
76 0.00314119 0.00188702 0.00219078 3.31819e-05 29.371 3.61469
77 0.00214176 0.00335548 0.00188702 3.00028e-05 27.2589 3.43717
78 0.00662938 0.0022215 0.00188702 3.00028e-05 27.2589 3.43717
79 0.00424505 0.00295242 0.00188702 3.00028e-05 27.2589 3.43717
80 0.00374177 0.00249798 0.00188702 3.00028e-05 27.2589 3.43717
81 0.00209494 0.00754603 0.00188702 3.00028e-05 27.2589 3.43717
82 0.00732346 0.00165787 0.00188702 3.00028e-05 27.2589 3.43717
83 0.00703648 0.00284917 0.00165787 2.31774e-05 25.5503 3.02101
84 0.0493245 0.0107689 0.00165787 2.31774e-05 25.5503 3.02101
85 0.115954 0.0373175 0.00165787 2.31774e-05 25.5503 3.02101
86 1.45793 2.38971 0.00165787 2.31774e-05 25.5503 3.02101
87 1.98547 0.106285 0.00165787 2.31774e-05 25.5503 3.02101
88 0.110039 0.00385862 0.00165787 2.31774e-05 25.5503 3.02101
89 0.0034102 0.00383638 0.00165787 2.31774e-05 25.5503 3.02101
90 0.00218888 0.00141274 0.00165787 2.31774e-05 25.5503 3.02101
91 0.00179292 0.00159644 0.00141274 2.36729e-05 23.5859 3.05314
92 0.00155995 0.00326308 0.00141274 2.36729e-05 23.5859 3.05314
93 0.0022968 0.00223757 0.00141274 2.36729e-05 23.5859 3.05314
94 0.00238356 0.00356591 0.00141274 2.36729e-05 23.5859 3.05314
95 0.00329351 0.00176859 0.00141274 2.36729e-05 23.5859 3.05314
96 0.00574689 0.0033283 0.00141274 2.36729e-05 23.5859 3.05314
97 0.00234253 0.00142286 0.00141274 2.36729e-05 23.5859 3.05314
98 0.00287021 0.00896867 0.00141274 2.36729e-05 23.5859 3.05314
99 0.261137 0.273454 0.00141274 2.36729e-05 23.5859 3.05314
100 0.797003 0.0776127 0.00141274 2.36729e-05 23.5859 3.05314
101 0.0462024 0.00413219 0.00141274 2.36729e-05 23.5859 3.05314
102 0.00253004 0.00166431 0.00141274 2.36729e-05 23.5859 3.05314
103 0.00183259 0.0022702 0.00141274 2.36729e-05 23.5859 3.05314
104 0.0156129 0.00391074 0.00141274 2.36729e-05 23.5859 3.05314
105 0.266168 0.159158 0.00141274 2.36729e-05 23.5859 3.05314
106 0.104286 0.0877163 0.00141274 2.36729e-05 23.5859 3.05314
107 0.0764089 0.0237321 0.00141274 2.36729e-05 23.5859 3.05314
108 0.045363 0.871509 0.00141274 2.36729e-05 23.5859 3.05314
109 3.7005 0.0604401 0.00141274 2.36729e-05 23.5859 3.05314
110 0.0473752 0.00218903 0.00141274 2.36729e-05 23.5859 3.05314
111 0.00178754 0.00207661 0.00141274 2.36729e-05 23.5859 3.05314
112 0.00155514 0.00139466 0.00141274 2.36729e-05 23.5859 3.05314
113 0.00148259 0.00259278 0.00139466 2.12471e-05 23.4344 2.89248
114 0.00138253 0.00178013 0.00139466 2.12471e-05 23.4344 2.89248
115 0.00167209 0.00554325 0.00139466 2.12471e-05 23.4344 2.89248
116 0.00175016 0.00119793 0.00139466 2.12471e-05 23.4344 2.89248
117 0.00119157 0.00358316 0.00119793 1.68688e-05 21.7188 2.57728
118 0.00170827 0.00175677 0.00119793 1.68688e-05 21.7188 2.57728
119 0.00127718 0.00189168 0.00119793 1.68688e-05 21.7188 2.57728
120 0.00151463 0.00494573 0.00119793 1.68688e-05 21.7188 2.57728
121 0.00397803 0.00264518 0.00119793 1.68688e-05 21.7188 2.57728
122 0.00188503 0.00618506 0.00119793 1.68688e-05 21.7188 2.57728
123 0.00521346 0.00494736 0.00119793 1.68688e-05 21.7188 2.57728
124 0.00615113 0.00808818 0.00119793 1.68688e-05 21.7188 2.57728
125 0.746684 0.236466 0.00119793 1.68688e-05 21.7188 2.57728
126 0.0306494 0.00380424 0.00119793 1.68688e-05 21.7188 2.57728
127 0.00125673 0.0014121 0.00119793 1.68688e-05 21.7188 2.57728
128 0.000992982 0.00119761 0.00119793 1.68688e-05 21.7188 2.57728
129 0.00375642 0.00544228 0.00119761 1.4138e-05 21.7159 2.35947
130 0.00404632 0.00118594 0.00119761 1.4138e-05 21.7159 2.35947
131 0.367797 0.6414 0.00118594 1.34299e-05 21.6098 2.29962
132 0.0758174 0.00449209 0.00118594 1.34299e-05 21.6098 2.29962
133 0.00169079 0.00363092 0.00118594 1.34299e-05 21.6098 2.29962
134 0.00173547 0.00151893 0.00118594 1.34299e-05 21.6098 2.29962
135 0.0310716 0.0260487 0.00118594 1.34299e-05 21.6098 2.29962
136 0.41382 0.044735 0.00118594 1.34299e-05 21.6098 2.29962
137 0.0362291 0.0147733 0.00118594 1.34299e-05 21.6098 2.29962
138 0.00981186 0.00158061 0.00118594 1.34299e-05 21.6098 2.29962
139 0.066133 0.123742 0.00118594 1.34299e-05 21.6098 2.29962
140 0.361283 0.00643193 0.00118594 1.34299e-05 21.6098 2.29962
141 0.272635 0.236921 0.00118594 1.34299e-05 21.6098 2.29962
142 0.0234943 0.00387797 0.00118594 1.34299e-05 21.6098 2.29962
143 0.00292559 0.00292727 0.00118594 1.34299e-05 21.6098 2.29962
144 0.00543468 0.127856 0.00118594 1.34299e-05 21.6098 2.29962
145 0.434199 0.0462141 0.00118594 1.34299e-05 21.6098 2.29962
146 0.00562278 0.01064 0.00118594 1.34299e-05 21.6098 2.29962
147 0.0146928 0.00546758 0.00118594 1.34299e-05 21.6098 2.29962
148 0.00123433 0.00130948 0.00118594 1.34299e-05 21.6098 2.29962
149 0.00739989 0.00220422 0.00118594 1.34299e-05 21.6098 2.29962
150 0.628819 1.92933 0.00118594 1.34299e-05 21.6098 2.29962
151 0.573713 0.00641418 0.00118594 1.34299e-05 21.6098 2.29962
152 0.00495486 0.00103765 0.00118594 1.34299e-05 21.6098 2.29962
153 0.00119939 0.00102548 0.00103765 1.37159e-05 20.2137 2.32398
154 0.00224987 0.00558148 0.00102548 1.28326e-05 20.0948 2.24791
155 0.00290379 0.00134667 0.00102548 1.28326e-05 20.0948 2.24791
156 0.0137981 0.00860892 0.00102548 1.28326e-05 20.0948 2.24791
157 0.00742004 0.00260237 0.00102548 1.28326e-05 20.0948 2.24791
158 0.00289876 0.0029621 0.00102548 1.28326e-05 20.0948 2.24791
159 0.00573567 0.00372834 0.00102548 1.28326e-05 20.0948 2.24791
160 0.0646091 0.0201508 0.00102548 1.28326e-05 20.0948 2.24791
161 0.235315 0.0098455 0.00102548 1.28326e-05 20.0948 2.24791
162 0.0196747 0.00107239 0.00102548 1.28326e-05 20.0948 2.24791
163 0.00443509 0.01045 0.00102548 1.28326e-05 20.0948 2.24791
164 0.405801 2.27389 0.00102548 1.28326e-05 20.0948 2.24791
165 0.315094 0.00800174 0.00102548 1.28326e-05 20.0948 2.24791
166 0.00253921 0.000860668 0.00102548 1.28326e-05 20.0948 2.24791
167 0.0011007 0.00151392 0.000860668 1.21577e-05 18.4093 2.18799
168 0.00175493 0.00083306 0.000860668 1.21577e-05 18.4093 2.18799
169 0.00146056 0.00153618 0.00083306 1.1033e-05 18.1117 2.08434
170 0.00696889 0.0782652 0.00083306 1.1033e-05 18.1117 2.08434
171 0.139962 0.0234625 0.00083306 1.1033e-05 18.1117 2.08434
172 0.00941078 0.010912 0.00083306 1.1033e-05 18.1117 2.08434
173 0.0254097 0.0204937 0.00083306 1.1033e-05 18.1117 2.08434
174 0.108116 0.0840317 0.00083306 1.1033e-05 18.1117 2.08434
175 0.0794331 0.0231556 0.00083306 1.1033e-05 18.1117 2.08434
176 0.0924292 0.0127456 0.00083306 1.1033e-05 18.1117 2.08434
177 0.00464134 0.000600098 0.00083306 1.1033e-05 18.1117 2.08434
178 0.147478 5.42987 0.000600098 1.06849e-05 15.372 2.05118
179 0.803504 0.0459003 0.000600098 1.06849e-05 15.372 2.05118
180 0.00530526 0.00125165 0.000600098 1.06849e-05 15.372 2.05118
181 0.00091085 0.000723042 0.000600098 1.06849e-05 15.372 2.05118
182 0.000996101 0.00104632 0.000600098 1.06849e-05 15.372 2.05118
183 0.00101872 0.000949528 0.000600098 1.06849e-05 15.372 2.05118
184 0.00118333 0.000794339 0.000600098 1.06849e-05 15.372 2.05118
185 0.00250426 0.000736307 0.000600098 1.06849e-05 15.372 2.05118
186 0.00143274 0.00698914 0.000600098 1.06849e-05 15.372 2.05118
187 0.0153117 0.0014052 0.000600098 1.06849e-05 15.372 2.05118
188 0.122243 0.276423 0.000600098 1.06849e-05 15.372 2.05118
189 0.100319 0.000618829 0.000600098 1.06849e-05 15.372 2.05118
190 0.00480974 0.00121673 0.000600098 1.06849e-05 15.372 2.05118
191 0.0107721 0.0820783 0.000600098 1.06849e-05 15.372 2.05118
192 0.908274 0.026088 0.000600098 1.06849e-05 15.372 2.05118
193 0.0171525 0.00119854 0.000600098 1.06849e-05 15.372 2.05118
194 0.000994572 0.00216703 0.000600098 1.06849e-05 15.372 2.05118
195 0.000675121 0.000861631 0.000600098 1.06849e-05 15.372 2.05118
196 0.000681367 0.0011299 0.000600098 1.06849e-05 15.372 2.05118
197 0.000682056 0.00103468 0.000600098 1.06849e-05 15.372 2.05118
198 0.00120651 0.0010587 0.000600098 1.06849e-05 15.372 2.05118
199 0.00178138 0.000566849 0.000600098 1.06849e-05 15.372 2.05118
200 0.00398859 0.000732824 0.000566849 1.00277e-05 14.9401 1.98711
201 0.0342172 0.000476444 0.000566849 1.00277e-05 14.9401 1.98711
202 0.00280969 0.00147999 0.000476444 9.85026e-06 13.697 1.96945
203 0.0306029 0.167738 0.000476444 9.85026e-06 13.697 1.96945
204 0.328246 0.00275047 0.000476444 9.85026e-06 13.697 1.96945
205 0.0162957 0.00472648 0.000476444 9.85026e-06 13.697 1.96945
206 0.00244632 0.00103469 0.000476444 9.85026e-06 13.697 1.96945
207 0.0021166 0.00640438 0.000476444 9.85026e-06 13.697 1.96945
208 0.00462035 0.000889862 0.000476444 9.85026e-06 13.697 1.96945
209 0.0290778 0.0280301 0.000476444 9.85026e-06 13.697 1.96945
210 0.715094 0.0224005 0.000476444 9.85026e-06 13.697 1.96945
211 0.00349838 0.000820724 0.000476444 9.85026e-06 13.697 1.96945
212 0.000726754 0.000660319 0.000476444 9.85026e-06 13.697 1.96945
213 0.00075688 0.00100939 0.000476444 9.85026e-06 13.697 1.96945
214 0.000709004 0.00139132 0.000476444 9.85026e-06 13.697 1.96945
215 0.00123483 0.000657131 0.000476444 9.85026e-06 13.697 1.96945
216 0.00157795 0.00407277 0.000476444 9.85026e-06 13.697 1.96945
217 0.00565284 0.00300814 0.000476444 9.85026e-06 13.697 1.96945
218 0.0194906 0.107157 0.000476444 9.85026e-06 13.697 1.96945
219 0.0187069 0.0132482 0.000476444 9.85026e-06 13.697 1.96945
220 0.0917791 0.208083 0.000476444 9.85026e-06 13.697 1.96945
221 0.159234 0.00391404 0.000476444 9.85026e-06 13.697 1.96945
222 0.00322495 0.00106942 0.000476444 9.85026e-06 13.697 1.96945
223 0.00173522 0.00214686 0.000476444 9.85026e-06 13.697 1.96945
224 0.0475354 0.0718301 0.000476444 9.85026e-06 13.697 1.96945
225 0.0228462 0.000533135 0.000476444 9.85026e-06 13.697 1.96945
226 0.0142929 0.0323409 0.000476444 9.85026e-06 13.697 1.96945
227 0.0641271 0.00875112 0.000476444 9.85026e-06 13.697 1.96945
228 0.00841009 0.00268413 0.000476444 9.85026e-06 13.697 1.96945
229 0.0185855 0.00297162 0.000476444 9.85026e-06 13.697 1.96945
230 0.336478 0.00416242 0.000476444 9.85026e-06 13.697 1.96945
231 0.0144458 0.00119337 0.000476444 9.85026e-06 13.697 1.96945
232 0.00123302 0.00103482 0.000476444 9.85026e-06 13.697 1.96945
233 0.00102614 0.00140924 0.000476444 9.85026e-06 13.697 1.96945
234 0.00409513 0.000800694 0.000476444 9.85026e-06 13.697 1.96945
235 0.0234185 0.0128009 0.000476444 9.85026e-06 13.697 1.96945
236 0.0087932 0.0418456 0.000476444 9.85026e-06 13.697 1.96945
237 0.153849 0.0125587 0.000476444 9.85026e-06 13.697 1.96945
238 0.011713 0.0109733 0.000476444 9.85026e-06 13.697 1.96945
239 0.00207439 0.000893654 0.000476444 9.85026e-06 13.697 1.96945
240 0.0105639 0.00801484 0.000476444 9.85026e-06 13.697 1.96945
241 0.0397034 0.727031 0.000476444 9.85026e-06 13.697 1.96945
242 0.18506 0.0171171 0.000476444 9.85026e-06 13.697 1.96945
243 0.014721 0.110648 0.000476444 9.85026e-06 13.697 1.96945
244 0.00942569 0.000699148 0.000476444 9.85026e-06 13.697 1.96945
245 0.00430567 0.00198295 0.000476444 9.85026e-06 13.697 1.96945
246 0.127646 0.063473 0.000476444 9.85026e-06 13.697 1.96945
247 0.133976 0.0108974 0.000476444 9.85026e-06 13.697 1.96945
248 0.00216095 0.00351566 0.000476444 9.85026e-06 13.697 1.96945
249 0.00228378 0.00629805 0.000476444 9.85026e-06 13.697 1.96945
250 0.00389763 0.000673591 0.000476444 9.85026e-06 13.697 1.96945
251 0.257803 0.437529 0.000476444 9.85026e-06 13.697 1.96945
252 0.0683655 0.0026755 0.000476444 9.85026e-06 13.697 1.96945
253 0.00167582 0.00086677 0.000476444 9.85026e-06 13.697 1.96945
254 0.000740038 0.000527159 0.000476444 9.85026e-06 13.697 1.96945
255 0.00132626 0.00223921 0.000476444 9.85026e-06 13.697 1.96945
256 0.0608681 0.290542 0.000476444 9.85026e-06 13.697 1.96945
257 0.0407499 0.000718509 0.000476444 9.85026e-06 13.697 1.96945
258 0.00624403 0.00122291 0.000476444 9.85026e-06 13.697 1.96945
259 0.00365506 0.00277281 0.000476444 9.85026e-06 13.697 1.96945
260 0.00545425 0.0372374 0.000476444 9.85026e-06 13.697 1.96945
261 0.0182812 0.010833 0.000476444 9.85026e-06 13.697 1.96945
262 0.0414424 0.00837265 0.000476444 9.85026e-06 13.697 1.96945
263 0.0487793 0.00200567 0.000476444 9.85026e-06 13.697 1.96945
264 0.0923317 0.101959 0.000476444 9.85026e-06 13.697 1.96945
265 0.0394582 0.018436 0.000476444 9.85026e-06 13.697 1.96945
266 0.0108523 0.00086196 0.000476444 9.85026e-06 13.697 1.96945
267 0.0534034 0.061709 0.000476444 9.85026e-06 13.697 1.96945
268 0.0182126 0.002759 0.000476444 9.85026e-06 13.697 1.96945
269 0.00611934 0.0477846 0.000476444 9.85026e-06 13.697 1.96945
270 0.0737955 0.207597 0.000476444 9.85026e-06 13.697 1.96945
271 0.0467945 0.0120278 0.000476444 9.85026e-06 13.697 1.96945
272 0.0061911 0.00375102 0.000476444 9.85026e-06 13.697 1.96945
273 0.0144837 0.00589791 0.000476444 9.85026e-06 13.697 1.96945
274 0.0474334 0.0373665 0.000476444 9.85026e-06 13.697 1.96945
275 0.0326782 0.0165766 0.000476444 9.85026e-06 13.697 1.96945
276 0.0157383 0.0324269 0.000476444 9.85026e-06 13.697 1.96945
277 0.0765258 0.0438362 0.000476444 9.85026e-06 13.697 1.96945
278 0.0119817 0.000689147 0.000476444 9.85026e-06 13.697 1.96945
279 0.149424 0.123218 0.000476444 9.85026e-06 13.697 1.96945
280 0.0665064 0.110265 0.000476444 9.85026e-06 13.697 1.96945
281 0.0177823 0.00154491 0.000476444 9.85026e-06 13.697 1.96945
282 0.00090663 0.000923293 0.000476444 9.85026e-06 13.697 1.96945
283 0.0643338 0.00277443 0.000476444 9.85026e-06 13.697 1.96945
284 0.00737908 0.00192368 0.000476444 9.85026e-06 13.697 1.96945
285 0.00146594 0.00671887 0.000476444 9.85026e-06 13.697 1.96945
286 0.12864 0.129762 0.000476444 9.85026e-06 13.697 1.96945
287 0.0206684 0.0011247 0.000476444 9.85026e-06 13.697 1.96945
288 0.00750083 0.000858278 0.000476444 9.85026e-06 13.697 1.96945
289 0.031618 0.0213444 0.000476444 9.85026e-06 13.697 1.96945
290 0.0179612 0.00976026 0.000476444 9.85026e-06 13.697 1.96945
291 0.00385738 0.000712517 0.000476444 9.85026e-06 13.697 1.96945
292 0.0208314 0.0103242 0.000476444 9.85026e-06 13.697 1.96945
293 0.0345018 0.00282009 0.000476444 9.85026e-06 13.697 1.96945
294 0.00400292 0.00494318 0.000476444 9.85026e-06 13.697 1.96945
295 0.0532482 0.0188901 0.000476444 9.85026e-06 13.697 1.96945
296 0.0514664 0.0105341 0.000476444 9.85026e-06 13.697 1.96945
297 0.0294057 0.000809415 0.000476444 9.85026e-06 13.697 1.96945
298 0.0120605 0.00527873 0.000476444 9.85026e-06 13.697 1.96945
299 0.00653908 0.0438388 0.000476444 9.85026e-06 13.697 1.96945
300 0.206063 0.216592 0.000476444 9.85026e-06 13.697 1.96945
301 0.0595653 0.0168592 0.000476444 9.85026e-06 13.697 1.96945
302 0.00243814 0.000850507 0.000476444 9.85026e-06 13.697 1.96945
303 0.000435861 0.000938557 0.000476444 9.85026e-06 13.697 1.96945
304 0.000395317 0.000771307 0.000476444 9.85026e-06 13.697 1.96945
305 0.000359055 0.000652361 0.000476444 9.85026e-06 13.697 1.96945
306 0.000380268 0.000516701 0.000476444 9.85026e-06 13.697 1.96945
307 0.00036644 0.000657006 0.000476444 9.85026e-06 13.697 1.96945
308 0.000380723 0.000637655 0.000476444 9.85026e-06 13.697 1.96945
309 0.000354204 0.00067082 0.000476444 9.85026e-06 13.697 1.96945
310 0.00037744 0.000961564 0.000476444 9.85026e-06 13.697 1.96945
311 0.000587512 0.00116099 0.000476444 9.85026e-06 13.697 1.96945
312 0.000376918 0.000699235 0.000476444 9.85026e-06 13.697 1.96945
313 0.000344478 0.000844259 0.000476444 9.85026e-06 13.697 1.96945
314 0.000402338 0.00114981 0.000476444 9.85026e-06 13.697 1.96945
315 0.000442249 0.000686086 0.000476444 9.85026e-06 13.697 1.96945
316 0.000365387 0.000569406 0.000476444 9.85026e-06 13.697 1.96945
317 0.000386174 0.000746038 0.000476444 9.85026e-06 13.697 1.96945
318 0.000375151 0.00050487 0.000476444 9.85026e-06 13.697 1.96945
319 0.000381726 0.000596413 0.000476444 9.85026e-06 13.697 1.96945
320 0.000508448 0.000821224 0.000476444 9.85026e-06 13.697 1.96945
321 0.000383379 0.000510903 0.000476444 9.85026e-06 13.697 1.96945
322 0.000651604 0.000707455 0.000476444 9.85026e-06 13.697 1.96945
323 0.00059852 0.000299738 0.000476444 9.85026e-06 13.697 1.96945
324 0.00064934 0.000587252 0.000299738 6.91149e-06 10.864 1.6497
325 0.000563135 0.000826998 0.000299738 6.91149e-06 10.864 1.6497
326 0.000552482 0.00126931 0.000299738 6.91149e-06 10.864 1.6497
327 0.000591694 0.000864369 0.000299738 6.91149e-06 10.864 1.6497
328 0.000881663 0.000756536 0.000299738 6.91149e-06 10.864 1.6497
329 0.00105636 0.000645815 0.000299738 6.91149e-06 10.864 1.6497
330 0.00152779 0.00987663 0.000299738 6.91149e-06 10.864 1.6497
331 0.0161086 0.0021132 0.000299738 6.91149e-06 10.864 1.6497
332 0.00485555 0.00960623 0.000299738 6.91149e-06 10.864 1.6497
333 0.0123185 0.000886971 0.000299738 6.91149e-06 10.864 1.6497
334 0.000905544 0.00225119 0.000299738 6.91149e-06 10.864 1.6497
335 0.00602622 0.00311306 0.000299738 6.91149e-06 10.864 1.6497
336 0.00577598 0.00311457 0.000299738 6.91149e-06 10.864 1.6497
337 0.01648 0.002805 0.000299738 6.91149e-06 10.864 1.6497
338 0.00605569 0.00110637 0.000299738 6.91149e-06 10.864 1.6497
339 0.0011541 0.000650819 0.000299738 6.91149e-06 10.864 1.6497
340 0.00620114 0.00126073 0.000299738 6.91149e-06 10.864 1.6497
341 0.00480673 0.0109034 0.000299738 6.91149e-06 10.864 1.6497
342 0.0564855 0.0845104 0.000299738 6.91149e-06 10.864 1.6497
343 0.0129961 0.000901118 0.000299738 6.91149e-06 10.864 1.6497
344 0.0021826 0.00146851 0.000299738 6.91149e-06 10.864 1.6497
345 0.00172147 0.000790747 0.000299738 6.91149e-06 10.864 1.6497
346 0.0050114 0.0140138 0.000299738 6.91149e-06 10.864 1.6497
347 0.00456009 0.00059185 0.000299738 6.91149e-06 10.864 1.6497
348 0.00291956 0.00117008 0.000299738 6.91149e-06 10.864 1.6497
349 0.0263273 0.00211283 0.000299738 6.91149e-06 10.864 1.6497
350 0.0031499 0.000313491 0.000299738 6.91149e-06 10.864 1.6497
351 0.0309405 0.0245335 0.000299738 6.91149e-06 10.864 1.6497
352 0.0179991 0.0222349 0.000299738 6.91149e-06 10.864 1.6497
353 0.00260627 0.00101103 0.000299738 6.91149e-06 10.864 1.6497
354 0.00205473 0.000553813 0.000299738 6.91149e-06 10.864 1.6497
355 0.00577206 0.0123743 0.000299738 6.91149e-06 10.864 1.6497
356 0.0809112 0.0128822 0.000299738 6.91149e-06 10.864 1.6497
357 0.00189858 0.000462237 0.000299738 6.91149e-06 10.864 1.6497
358 0.00102358 0.000919295 0.000299738 6.91149e-06 10.864 1.6497
359 0.00098528 0.00125556 0.000299738 6.91149e-06 10.864 1.6497
360 0.000860653 0.0014034 0.000299738 6.91149e-06 10.864 1.6497
361 0.00515154 0.026131 0.000299738 6.91149e-06 10.864 1.6497
362 0.0231606 0.00892641 0.000299738 6.91149e-06 10.864 1.6497
363 0.0140981 0.00249659 0.000299738 6.91149e-06 10.864 1.6497
364 0.00182638 0.000673346 0.000299738 6.91149e-06 10.864 1.6497
365 0.00347469 0.0208415 0.000299738 6.91149e-06 10.864 1.6497
366 0.00901815 0.031135 0.000299738 6.91149e-06 10.864 1.6497
367 0.0168583 0.00867424 0.000299738 6.91149e-06 10.864 1.6497
368 0.0137703 0.018433 0.000299738 6.91149e-06 10.864 1.6497
369 0.00211162 0.00143242 0.000299738 6.91149e-06 10.864 1.6497
370 0.00297843 0.00150706 0.000299738 6.91149e-06 10.864 1.6497
371 0.011532 0.0112882 0.000299738 6.91149e-06 10.864 1.6497
372 0.00697559 0.00995109 0.000299738 6.91149e-06 10.864 1.6497
373 0.00702206 0.00457178 0.000299738 6.91149e-06 10.864 1.6497
374 0.0234823 0.00144149 0.000299738 6.91149e-06 10.864 1.6497
375 0.00130936 0.0034985 0.000299738 6.91149e-06 10.864 1.6497
376 0.0149566 0.0900763 0.000299738 6.91149e-06 10.864 1.6497
377 0.0281545 0.000830568 0.000299738 6.91149e-06 10.864 1.6497
378 0.00186765 0.00170154 0.000299738 6.91149e-06 10.864 1.6497
379 0.0020667 0.0227506 0.000299738 6.91149e-06 10.864 1.6497
380 0.0144213 0.00198361 0.000299738 6.91149e-06 10.864 1.6497
381 0.00640028 0.00104723 0.000299738 6.91149e-06 10.864 1.6497
382 0.0056031 0.00949518 0.000299738 6.91149e-06 10.864 1.6497
383 0.0360917 0.00785886 0.000299738 6.91149e-06 10.864 1.6497
384 0.00274082 0.000654203 0.000299738 6.91149e-06 10.864 1.6497
385 0.00105741 0.000761144 0.000299738 6.91149e-06 10.864 1.6497
386 0.00552869 0.00119328 0.000299738 6.91149e-06 10.864 1.6497
387 0.00371447 0.00692532 0.000299738 6.91149e-06 10.864 1.6497
388 0.0572096 0.097884 0.000299738 6.91149e-06 10.864 1.6497
389 0.0233858 0.0106079 0.000299738 6.91149e-06 10.864 1.6497
390 0.00335449 0.00462575 0.000299738 6.91149e-06 10.864 1.6497
391 0.0016918 0.000735464 0.000299738 6.91149e-06 10.864 1.6497
392 0.000579941 0.0010987 0.000299738 6.91149e-06 10.864 1.6497
393 0.000692371 0.000845768 0.000299738 6.91149e-06 10.864 1.6497
394 0.0019695 0.0114135 0.000299738 6.91149e-06 10.864 1.6497
395 0.00500514 0.00556209 0.000299738 6.91149e-06 10.864 1.6497
396 0.00709693 0.00118066 0.000299738 6.91149e-06 10.864 1.6497
397 0.0282819 0.0027631 0.000299738 6.91149e-06 10.864 1.6497
398 0.00103176 0.000677606 0.000299738 6.91149e-06 10.864 1.6497
399 0.0103163 0.00378385 0.000299738 6.91149e-06 10.864 1.6497
400 0.0323378 0.128282 0.000299738 6.91149e-06 10.864 1.6497
401 0.0271723 0.00126431 0.000299738 6.91149e-06 10.864 1.6497
402 0.000561692 0.00145408 0.000299738 6.91149e-06 10.864 1.6497
403 0.0012843 0.00278488 0.000299738 6.91149e-06 10.864 1.6497
404 0.00300319 0.014165 0.000299738 6.91149e-06 10.864 1.6497
405 0.0179534 0.00179946 0.000299738 6.91149e-06 10.864 1.6497
406 0.012133 0.0605694 0.000299738 6.91149e-06 10.864 1.6497
407 0.0222322 0.00112041 0.000299738 6.91149e-06 10.864 1.6497
408 0.00166212 0.00117324 0.000299738 6.91149e-06 10.864 1.6497
409 0.0018198 0.00487962 0.000299738 6.91149e-06 10.864 1.6497
410 0.0123205 0.00268703 0.000299738 6.91149e-06 10.864 1.6497
411 0.00154511 0.000575158 0.000299738 6.91149e-06 10.864 1.6497
412 0.00280254 0.00775109 0.000299738 6.91149e-06 10.864 1.6497
413 0.00341672 0.000446438 0.000299738 6.91149e-06 10.864 1.6497
414 0.0038424 0.00139167 0.000299738 6.91149e-06 10.864 1.6497
415 0.0215309 0.0195662 0.000299738 6.91149e-06 10.864 1.6497
416 0.0316889 0.00293596 0.000299738 6.91149e-06 10.864 1.6497
417 0.0086585 0.000551194 0.000299738 6.91149e-06 10.864 1.6497
418 0.000584942 0.000606691 0.000299738 6.91149e-06 10.864 1.6497
419 0.0086344 0.0027569 0.000299738 6.91149e-06 10.864 1.6497
420 0.00708326 0.00255622 0.000299738 6.91149e-06 10.864 1.6497
421 0.0286957 0.00249392 0.000299738 6.91149e-06 10.864 1.6497
422 0.00308368 0.00127583 0.000299738 6.91149e-06 10.864 1.6497
423 0.000637989 0.000511447 0.000299738 6.91149e-06 10.864 1.6497
424 0.00032105 0.000593427 0.000299738 6.91149e-06 10.864 1.6497
425 0.000308275 0.000476492 0.000299738 6.91149e-06 10.864 1.6497
426 0.000292207 0.000883659 0.000299738 6.91149e-06 10.864 1.6497
427 0.000343852 0.000999732 0.000299738 6.91149e-06 10.864 1.6497
428 0.000367495 0.000808545 0.000299738 6.91149e-06 10.864 1.6497
429 0.000336317 0.000873126 0.000299738 6.91149e-06 10.864 1.6497
430 0.000372076 0.000857451 0.000299738 6.91149e-06 10.864 1.6497
431 0.000381864 0.000582299 0.000299738 6.91149e-06 10.864 1.6497
432 0.000385911 0.000524644 0.000299738 6.91149e-06 10.864 1.6497
433 0.000424586 0.000663846 0.000299738 6.91149e-06 10.864 1.6497
434 0.000337906 0.00081546 0.000299738 6.91149e-06 10.864 1.6497
435 0.000320558 0.000682817 0.000299738 6.91149e-06 10.864 1.6497
436 0.000521277 0.000620341 0.000299738 6.91149e-06 10.864 1.6497
437 0.000554744 0.000766727 0.000299738 6.91149e-06 10.864 1.6497
438 0.000471304 0.000697103 0.000299738 6.91149e-06 10.864 1.6497
439 0.000344592 0.000501481 0.000299738 6.91149e-06 10.864 1.6497
440 0.000315229 0.000244493 0.000299738 6.91149e-06 10.864 1.6497
441 0.000386437 0.000611465 0.000244493 5.94225e-06 9.81192 1.52966
442 0.000342497 0.000556974 0.000244493 5.94225e-06 9.81192 1.52966
443 0.000644481 0.000519262 0.000244493 5.94225e-06 9.81192 1.52966
444 0.000496031 0.000663237 0.000244493 5.94225e-06 9.81192 1.52966
445 0.000405025 0.000686944 0.000244493 5.94225e-06 9.81192 1.52966
446 0.000435131 0.000666827 0.000244493 5.94225e-06 9.81192 1.52966
447 0.000517678 0.00098019 0.000244493 5.94225e-06 9.81192 1.52966
448 0.000924076 0.000568314 0.000244493 5.94225e-06 9.81192 1.52966
449 0.000577664 0.00031893 0.000244493 5.94225e-06 9.81192 1.52966
450 0.00132725 0.00951145 0.000244493 5.94225e-06 9.81192 1.52966
451 0.00105027 0.000449981 0.000244493 5.94225e-06 9.81192 1.52966
452 0.000759255 0.00208229 0.000244493 5.94225e-06 9.81192 1.52966
453 0.00120406 0.00235669 0.000244493 5.94225e-06 9.81192 1.52966
454 0.00257139 0.00630206 0.000244493 5.94225e-06 9.81192 1.52966
455 0.00264446 0.000684386 0.000244493 5.94225e-06 9.81192 1.52966
456 0.00251649 0.00577418 0.000244493 5.94225e-06 9.81192 1.52966
457 0.00314234 0.00655001 0.000244493 5.94225e-06 9.81192 1.52966
458 0.00274014 0.00168509 0.000244493 5.94225e-06 9.81192 1.52966
459 0.00262474 0.00164369 0.000244493 5.94225e-06 9.81192 1.52966
460 0.000811652 0.00217605 0.000244493 5.94225e-06 9.81192 1.52966
461 0.00412566 0.00236742 0.000244493 5.94225e-06 9.81192 1.52966
462 0.00237115 0.00680564 0.000244493 5.94225e-06 9.81192 1.52966
463 0.00543633 0.00419678 0.000244493 5.94225e-06 9.81192 1.52966
464 0.00199208 0.000595922 0.000244493 5.94225e-06 9.81192 1.52966
465 0.00193946 0.00214301 0.000244493 5.94225e-06 9.81192 1.52966
466 0.00200421 0.00221929 0.000244493 5.94225e-06 9.81192 1.52966
467 0.00229209 0.00103253 0.000244493 5.94225e-06 9.81192 1.52966
468 0.00928464 0.0127623 0.000244493 5.94225e-06 9.81192 1.52966
469 0.00211817 0.000652273 0.000244493 5.94225e-06 9.81192 1.52966
470 0.000711332 0.00290256 0.000244493 5.94225e-06 9.81192 1.52966
471 0.00443969 0.00220099 0.000244493 5.94225e-06 9.81192 1.52966
472 0.00169094 0.00137399 0.000244493 5.94225e-06 9.81192 1.52966
473 0.0013344 0.000591372 0.000244493 5.94225e-06 9.81192 1.52966
474 0.00239031 0.00240652 0.000244493 5.94225e-06 9.81192 1.52966
475 0.00140069 0.00126417 0.000244493 5.94225e-06 9.81192 1.52966
476 0.0111619 0.0012748 0.000244493 5.94225e-06 9.81192 1.52966
477 0.000798821 0.00156148 0.000244493 5.94225e-06 9.81192 1.52966
478 0.00052795 0.000559567 0.000244493 5.94225e-06 9.81192 1.52966
479 0.000494827 0.00690497 0.000244493 5.94225e-06 9.81192 1.52966
480 0.00361762 0.00155489 0.000244493 5.94225e-06 9.81192 1.52966
481 0.0315119 0.0279841 0.000244493 5.94225e-06 9.81192 1.52966
482 0.00533007 0.00125178 0.000244493 5.94225e-06 9.81192 1.52966
483 0.000374506 0.000701784 0.000244493 5.94225e-06 9.81192 1.52966
484 0.000397301 0.000799145 0.000244493 5.94225e-06 9.81192 1.52966
485 0.000628199 0.00202997 0.000244493 5.94225e-06 9.81192 1.52966
486 0.0004633 0.00043637 0.000244493 5.94225e-06 9.81192 1.52966
487 0.00113095 0.00101109 0.000244493 5.94225e-06 9.81192 1.52966
488 0.000873612 0.00107284 0.000244493 5.94225e-06 9.81192 1.52966
489 0.00242412 0.000598301 0.000244493 5.94225e-06 9.81192 1.52966
490 0.000631092 0.000694175 0.000244493 5.94225e-06 9.81192 1.52966
491 0.000891971 0.000537562 0.000244493 5.94225e-06 9.81192 1.52966
492 0.00108012 0.000716087 0.000244493 5.94225e-06 9.81192 1.52966
493 0.00128068 0.000883184 0.000244493 5.94225e-06 9.81192 1.52966
494 0.000380691 0.000631701 0.000244493 5.94225e-06 9.81192 1.52966
495 0.011547 0.00666354 0.000244493 5.94225e-06 9.81192 1.52966
496 0.00388517 0.000547185 0.000244493 5.94225e-06 9.81192 1.52966
497 0.000796218 0.000946124 0.000244493 5.94225e-06 9.81192 1.52966
498 0.00120872 0.000734359 0.000244493 5.94225e-06 9.81192 1.52966
499 0.00146129 0.0021725 0.000244493 5.94225e-06 9.81192 1.52966
500 0.0109677 0.00640738 0.000244493 5.94225e-06 9.81192 1.52966
501 0.00135142 0.00146785 0.000244493 5.94225e-06 9.81192 1.52966
502 0.000843816 0.000924035 0.000244493 5.94225e-06 9.81192 1.52966
503 0.00198811 0.0034215 0.000244493 5.94225e-06 9.81192 1.52966
504 0.00190788 0.00339502 0.000244493 5.94225e-06 9.81192 1.52966
505 0.00294696 0.00329548 0.000244493 5.94225e-06 9.81192 1.52966
506 0.00366397 0.017473 0.000244493 5.94225e-06 9.81192 1.52966
507 0.00403207 0.000879414 0.000244493 5.94225e-06 9.81192 1.52966
508 0.0050469 0.00636188 0.000244493 5.94225e-06 9.81192 1.52966
509 0.00172805 0.000600766 0.000244493 5.94225e-06 9.81192 1.52966
510 0.00125697 0.00121334 0.000244493 5.94225e-06 9.81192 1.52966
511 0.00155592 0.00220146 0.000244493 5.94225e-06 9.81192 1.52966
512 0.025674 0.00122004 0.000244493 5.94225e-06 9.81192 1.52966
513 0.00116101 0.00156643 0.000244493 5.94225e-06 9.81192 1.52966
514 0.000412573 0.000865382 0.000244493 5.94225e-06 9.81192 1.52966
515 0.000668702 0.000894553 0.000244493 5.94225e-06 9.81192 1.52966
516 0.000643112 0.00107825 0.000244493 5.94225e-06 9.81192 1.52966
517 0.000623457 0.000900826 0.000244493 5.94225e-06 9.81192 1.52966
518 0.000596998 0.00113802 0.000244493 5.94225e-06 9.81192 1.52966
519 0.00109652 0.00443788 0.000244493 5.94225e-06 9.81192 1.52966
520 0.00346277 0.00139274 0.000244493 5.94225e-06 9.81192 1.52966
521 0.000751154 0.00121689 0.000244493 5.94225e-06 9.81192 1.52966
522 0.00150248 0.00087418 0.000244493 5.94225e-06 9.81192 1.52966
523 0.00182317 0.00124665 0.000244493 5.94225e-06 9.81192 1.52966
524 0.0024591 0.00586885 0.000244493 5.94225e-06 9.81192 1.52966
525 0.00820398 0.0417591 0.000244493 5.94225e-06 9.81192 1.52966
526 0.0144283 0.0196276 0.000244493 5.94225e-06 9.81192 1.52966
527 0.012883 0.00225286 0.000244493 5.94225e-06 9.81192 1.52966
528 0.00359454 0.00300445 0.000244493 5.94225e-06 9.81192 1.52966
529 0.00130754 0.000984832 0.000244493 5.94225e-06 9.81192 1.52966
530 0.000499236 0.000497638 0.000244493 5.94225e-06 9.81192 1.52966
531 0.000411059 0.00157072 0.000244493 5.94225e-06 9.81192 1.52966
532 0.000567166 0.000735405 0.000244493 5.94225e-06 9.81192 1.52966
533 0.000914898 0.000606547 0.000244493 5.94225e-06 9.81192 1.52966
534 0.000528795 0.00059841 0.000244493 5.94225e-06 9.81192 1.52966
535 0.00300308 0.000764464 0.000244493 5.94225e-06 9.81192 1.52966
536 0.00084155 0.00102069 0.000244493 5.94225e-06 9.81192 1.52966
537 0.00203002 0.00622436 0.000244493 5.94225e-06 9.81192 1.52966
538 0.00137564 0.00128661 0.000244493 5.94225e-06 9.81192 1.52966
539 0.00263112 0.0351042 0.000244493 5.94225e-06 9.81192 1.52966
540 0.00351191 0.000547719 0.000244493 5.94225e-06 9.81192 1.52966
541 0.000341808 0.000632679 0.000244493 5.94225e-06 9.81192 1.52966
542 0.000299411 0.000458958 0.000244493 5.94225e-06 9.81192 1.52966
543 0.00028538 0.000448884 0.000244493 5.94225e-06 9.81192 1.52966
544 0.00032097 0.000614962 0.000244493 5.94225e-06 9.81192 1.52966
545 0.000358107 0.000813681 0.000244493 5.94225e-06 9.81192 1.52966
546 0.000260464 0.000772104 0.000244493 5.94225e-06 9.81192 1.52966
547 0.00031159 0.000390393 0.000244493 5.94225e-06 9.81192 1.52966
548 0.00037639 0.000861424 0.000244493 5.94225e-06 9.81192 1.52966
549 0.000291738 0.000582023 0.000244493 5.94225e-06 9.81192 1.52966
550 0.000312041 0.000491756 0.000244493 5.94225e-06 9.81192 1.52966
551 0.000337589 0.000209083 0.000244493 5.94225e-06 9.81192 1.52966
552 0.000314335 0.000571714 0.000209083 5.89005e-06 9.0736 1.52293
553 0.000363025 0.000822814 0.000209083 5.89005e-06 9.0736 1.52293
554 0.000381622 0.000687902 0.000209083 5.89005e-06 9.0736 1.52293
555 0.000356148 0.000531782 0.000209083 5.89005e-06 9.0736 1.52293
556 0.000315218 0.000895625 0.000209083 5.89005e-06 9.0736 1.52293
557 0.000279175 0.000511471 0.000209083 5.89005e-06 9.0736 1.52293
558 0.000370031 0.000487162 0.000209083 5.89005e-06 9.0736 1.52293
559 0.000450524 0.00110539 0.000209083 5.89005e-06 9.0736 1.52293
560 0.000719777 0.000578897 0.000209083 5.89005e-06 9.0736 1.52293
561 0.000450843 0.000505223 0.000209083 5.89005e-06 9.0736 1.52293
562 0.000395764 0.00047737 0.000209083 5.89005e-06 9.0736 1.52293
563 0.000348963 0.00168907 0.000209083 5.89005e-06 9.0736 1.52293
564 0.000570219 0.00102046 0.000209083 5.89005e-06 9.0736 1.52293
565 0.000398241 0.000495397 0.000209083 5.89005e-06 9.0736 1.52293
566 0.000354766 0.000459154 0.000209083 5.89005e-06 9.0736 1.52293
567 0.000545742 0.000594512 0.000209083 5.89005e-06 9.0736 1.52293
568 0.000850214 0.00183618 0.000209083 5.89005e-06 9.0736 1.52293
569 0.000569664 0.000434426 0.000209083 5.89005e-06 9.0736 1.52293
570 0.000811193 0.00127685 0.000209083 5.89005e-06 9.0736 1.52293
571 0.000567719 0.000811832 0.000209083 5.89005e-06 9.0736 1.52293
572 0.00110665 0.00159255 0.000209083 5.89005e-06 9.0736 1.52293
573 0.000901261 0.000667765 0.000209083 5.89005e-06 9.0736 1.52293
574 0.00228587 0.00485703 0.000209083 5.89005e-06 9.0736 1.52293
575 0.00118854 0.000670142 0.000209083 5.89005e-06 9.0736 1.52293
576 0.000542112 0.000512432 0.000209083 5.89005e-06 9.0736 1.52293
577 0.000766123 0.00135733 0.000209083 5.89005e-06 9.0736 1.52293
578 0.000441633 0.00128835 0.000209083 5.89005e-06 9.0736 1.52293
579 0.00125674 0.000724833 0.000209083 5.89005e-06 9.0736 1.52293
580 0.000515896 0.000884476 0.000209083 5.89005e-06 9.0736 1.52293
581 0.000622194 0.000586006 0.000209083 5.89005e-06 9.0736 1.52293
582 0.000897793 0.00563142 0.000209083 5.89005e-06 9.0736 1.52293
583 0.00282441 0.000894496 0.000209083 5.89005e-06 9.0736 1.52293
584 0.000672074 0.00317604 0.000209083 5.89005e-06 9.0736 1.52293
585 0.00235483 0.00134051 0.000209083 5.89005e-06 9.0736 1.52293
586 0.000817287 0.00050126 0.000209083 5.89005e-06 9.0736 1.52293
587 0.00102014 0.000459154 0.000209083 5.89005e-06 9.0736 1.52293
588 0.000714779 0.00207928 0.000209083 5.89005e-06 9.0736 1.52293
589 0.000595834 0.000598094 0.000209083 5.89005e-06 9.0736 1.52293
590 0.000568184 0.000806842 0.000209083 5.89005e-06 9.0736 1.52293
591 0.00130902 0.00049983 0.000209083 5.89005e-06 9.0736 1.52293
592 0.000592755 0.000548551 0.000209083 5.89005e-06 9.0736 1.52293
593 0.000863508 0.0023001 0.000209083 5.89005e-06 9.0736 1.52293
594 0.000742302 0.00217528 0.000209083 5.89005e-06 9.0736 1.52293
595 0.000723535 0.000923494 0.000209083 5.89005e-06 9.0736 1.52293
596 0.00077546 0.000839153 0.000209083 5.89005e-06 9.0736 1.52293
597 0.00123637 0.000460493 0.000209083 5.89005e-06 9.0736 1.52293
598 0.00247557 0.000877862 0.000209083 5.89005e-06 9.0736 1.52293
599 0.00156319 0.000583927 0.000209083 5.89005e-06 9.0736 1.52293
600 0.000630974 0.000703083 0.000209083 5.89005e-06 9.0736 1.52293
601 0.00116788 0.00238079 0.000209083 5.89005e-06 9.0736 1.52293
602 0.00048594 0.000618604 0.000209083 5.89005e-06 9.0736 1.52293
603 0.000443294 0.00124418 0.000209083 5.89005e-06 9.0736 1.52293
604 0.00228814 0.000780897 0.000209083 5.89005e-06 9.0736 1.52293
605 0.000787953 0.000610854 0.000209083 5.89005e-06 9.0736 1.52293
606 0.000951474 0.00155612 0.000209083 5.89005e-06 9.0736 1.52293
607 0.000563993 0.000590596 0.000209083 5.89005e-06 9.0736 1.52293
608 0.000396744 0.000680358 0.000209083 5.89005e-06 9.0736 1.52293
609 0.00041445 0.000599498 0.000209083 5.89005e-06 9.0736 1.52293
610 0.00127889 0.00299476 0.000209083 5.89005e-06 9.0736 1.52293
611 0.0012762 0.00394596 0.000209083 5.89005e-06 9.0736 1.52293
612 0.00169811 0.00179238 0.000209083 5.89005e-06 9.0736 1.52293
613 0.00168585 0.00165336 0.000209083 5.89005e-06 9.0736 1.52293
614 0.000742119 0.000494491 0.000209083 5.89005e-06 9.0736 1.52293
615 0.00037779 0.000721936 0.000209083 5.89005e-06 9.0736 1.52293
616 0.000564074 0.001568 0.000209083 5.89005e-06 9.0736 1.52293
617 0.00175156 0.000368302 0.000209083 5.89005e-06 9.0736 1.52293
618 0.00128271 0.000668337 0.000209083 5.89005e-06 9.0736 1.52293
619 0.000571001 0.000955619 0.000209083 5.89005e-06 9.0736 1.52293
620 0.00264046 0.000872871 0.000209083 5.89005e-06 9.0736 1.52293
621 0.000568546 0.000760239 0.000209083 5.89005e-06 9.0736 1.52293
622 0.0016661 0.00365197 0.000209083 5.89005e-06 9.0736 1.52293
623 0.00226523 0.00225757 0.000209083 5.89005e-06 9.0736 1.52293
624 0.000656745 0.000470417 0.000209083 5.89005e-06 9.0736 1.52293
625 0.00226248 0.00116422 0.000209083 5.89005e-06 9.0736 1.52293
626 0.0010463 0.000502924 0.000209083 5.89005e-06 9.0736 1.52293
627 0.00105469 0.00053365 0.000209083 5.89005e-06 9.0736 1.52293
628 0.000450985 0.000962748 0.000209083 5.89005e-06 9.0736 1.52293
629 0.000564166 0.000685648 0.000209083 5.89005e-06 9.0736 1.52293
630 0.000700226 0.000630444 0.000209083 5.89005e-06 9.0736 1.52293
631 0.000842304 0.00305309 0.000209083 5.89005e-06 9.0736 1.52293
632 0.000521121 0.000469286 0.000209083 5.89005e-06 9.0736 1.52293
633 0.000540742 0.000517167 0.000209083 5.89005e-06 9.0736 1.52293
634 0.00033409 0.00126604 0.000209083 5.89005e-06 9.0736 1.52293
635 0.00113243 0.000581089 0.000209083 5.89005e-06 9.0736 1.52293
636 0.00154935 0.000909336 0.000209083 5.89005e-06 9.0736 1.52293
637 0.000426624 0.00064709 0.000209083 5.89005e-06 9.0736 1.52293
638 0.000897021 0.00134583 0.000209083 5.89005e-06 9.0736 1.52293
639 0.00137934 0.00164878 0.000209083 5.89005e-06 9.0736 1.52293
640 0.000621202 0.000824507 0.000209083 5.89005e-06 9.0736 1.52293
641 0.000985299 0.00276813 0.000209083 5.89005e-06 9.0736 1.52293
642 0.000504306 0.00051508 0.000209083 5.89005e-06 9.0736 1.52293
643 0.00114345 0.000248222 0.000209083 5.89005e-06 9.0736 1.52293
644 0.0055465 0.000733337 0.000209083 5.89005e-06 9.0736 1.52293
645 0.00118952 0.000462737 0.000209083 5.89005e-06 9.0736 1.52293
646 0.000557836 0.00218277 0.000209083 5.89005e-06 9.0736 1.52293
647 0.000746737 0.000699892 0.000209083 5.89005e-06 9.0736 1.52293
648 0.000449519 0.000421778 0.000209083 5.89005e-06 9.0736 1.52293
649 0.000820977 0.0012469 0.000209083 5.89005e-06 9.0736 1.52293
650 0.000976966 0.000590961 0.000209083 5.89005e-06 9.0736 1.52293
651 0.00111515 0.000875622 0.000209083 5.89005e-06 9.0736 1.52293
652 0.000283162 0.000549864 0.000209083 5.89005e-06 9.0736 1.52293
653 0.000259361 0.000464405 0.000209083 5.89005e-06 9.0736 1.52293
654 0.000263954 0.00049569 0.000209083 5.89005e-06 9.0736 1.52293
655 0.000324714 0.000480712 0.000209083 5.89005e-06 9.0736 1.52293
656 0.000347564 0.000581607 0.000209083 5.89005e-06 9.0736 1.52293
657 0.00026176 0.0008602 0.000209083 5.89005e-06 9.0736 1.52293
658 0.000338307 0.00082179 0.000209083 5.89005e-06 9.0736 1.52293
659 0.000311948 0.000494965 0.000209083 5.89005e-06 9.0736 1.52293
660 0.000352461 0.000591824 0.000209083 5.89005e-06 9.0736 1.52293
661 0.000292002 0.00104061 0.000209083 5.89005e-06 9.0736 1.52293
662 0.00028353 0.00043547 0.000209083 5.89005e-06 9.0736 1.52293
663 0.000324686 0.000877771 0.000209083 5.89005e-06 9.0736 1.52293
664 0.000382819 0.000925852 0.000209083 5.89005e-06 9.0736 1.52293
665 0.000334536 0.000625042 0.000209083 5.89005e-06 9.0736 1.52293
666 0.000285849 0.00021702 0.000209083 5.89005e-06 9.0736 1.52293
667 0.000381556 0.000815121 0.000209083 5.89005e-06 9.0736 1.52293
668 0.000508846 0.000653369 0.000209083 5.89005e-06 9.0736 1.52293
669 0.000361876 0.0010135 0.000209083 5.89005e-06 9.0736 1.52293
670 0.000293912 0.000522768 0.000209083 5.89005e-06 9.0736 1.52293
671 0.000288026 0.000727111 0.000209083 5.89005e-06 9.0736 1.52293
672 0.000352867 0.000514138 0.000209083 5.89005e-06 9.0736 1.52293
673 0.000276183 0.000537766 0.000209083 5.89005e-06 9.0736 1.52293
674 0.000507062 0.00127688 0.000209083 5.89005e-06 9.0736 1.52293
675 0.000511938 0.000808047 0.000209083 5.89005e-06 9.0736 1.52293
676 0.000414523 0.000697838 0.000209083 5.89005e-06 9.0736 1.52293
677 0.000344118 0.000419894 0.000209083 5.89005e-06 9.0736 1.52293
678 0.000313653 0.00075392 0.000209083 5.89005e-06 9.0736 1.52293
679 0.000331919 0.000461543 0.000209083 5.89005e-06 9.0736 1.52293
680 0.000301996 0.000157897 0.000209083 5.89005e-06 9.0736 1.52293
681 0.000366164 0.000628781 0.000157897 5.65018e-06 7.88511 1.4916
682 0.000380342 0.000471634 0.000157897 5.65018e-06 7.88511 1.4916
683 0.000270322 0.000419891 0.000157897 5.65018e-06 7.88511 1.4916
684 0.000412809 0.000836874 0.000157897 5.65018e-06 7.88511 1.4916
685 0.000422923 0.000416738 0.000157897 5.65018e-06 7.88511 1.4916
686 0.000389282 0.000829935 0.000157897 5.65018e-06 7.88511 1.4916
687 0.000304093 0.000556406 0.000157897 5.65018e-06 7.88511 1.4916
688 0.000598325 0.0010549 0.000157897 5.65018e-06 7.88511 1.4916
689 0.000691234 0.000830142 0.000157897 5.65018e-06 7.88511 1.4916
690 0.000340159 0.00101417 0.000157897 5.65018e-06 7.88511 1.4916
691 0.000323655 0.000445877 0.000157897 5.65018e-06 7.88511 1.4916
692 0.000363484 0.0013448 0.000157897 5.65018e-06 7.88511 1.4916
693 0.00104083 0.00355738 0.000157897 5.65018e-06 7.88511 1.4916
694 0.000946438 0.000848236 0.000157897 5.65018e-06 7.88511 1.4916
695 0.000578269 0.00118041 0.000157897 5.65018e-06 7.88511 1.4916
696 0.000328886 0.000700518 0.000157897 5.65018e-06 7.88511 1.4916
697 0.000300533 0.000469924 0.000157897 5.65018e-06 7.88511 1.4916
698 0.000477358 0.000462588 0.000157897 5.65018e-06 7.88511 1.4916
699 0.000331866 0.000542392 0.000157897 5.65018e-06 7.88511 1.4916
700 0.000312111 0.000852606 0.000157897 5.65018e-06 7.88511 1.4916
701 0.000355676 0.000485505 0.000157897 5.65018e-06 7.88511 1.4916
702 0.000315429 0.000489651 0.000157897 5.65018e-06 7.88511 1.4916
703 0.000476768 0.000450545 0.000157897 5.65018e-06 7.88511 1.4916
704 0.000550634 0.00150693 0.000157897 5.65018e-06 7.88511 1.4916
705 0.000973364 0.0012357 0.000157897 5.65018e-06 7.88511 1.4916
706 0.000331913 0.000472059 0.000157897 5.65018e-06 7.88511 1.4916
707 0.000418369 0.000552562 0.000157897 5.65018e-06 7.88511 1.4916
708 0.000444545 0.000961678 0.000157897 5.65018e-06 7.88511 1.4916
709 0.000560924 0.00053672 0.000157897 5.65018e-06 7.88511 1.4916
710 0.000374986 0.000445047 0.000157897 5.65018e-06 7.88511 1.4916
711 0.000434929 0.000499836 0.000157897 5.65018e-06 7.88511 1.4916
712 0.000675047 0.000649624 0.000157897 5.65018e-06 7.88511 1.4916
713 0.000338564 0.00081921 0.000157897 5.65018e-06 7.88511 1.4916
714 0.000364741 0.000425056 0.000157897 5.65018e-06 7.88511 1.4916
715 0.000307231 0.000822989 0.000157897 5.65018e-06 7.88511 1.4916
716 0.000379867 0.00161846 0.000157897 5.65018e-06 7.88511 1.4916
717 0.000471948 0.000558038 0.000157897 5.65018e-06 7.88511 1.4916
718 0.000322727 0.000801901 0.000157897 5.65018e-06 7.88511 1.4916
719 0.000376726 0.00174861 0.000157897 5.65018e-06 7.88511 1.4916
720 0.000471435 0.000737743 0.000157897 5.65018e-06 7.88511 1.4916
721 0.000328583 0.000472718 0.000157897 5.65018e-06 7.88511 1.4916
722 0.00082576 0.00171299 0.000157897 5.65018e-06 7.88511 1.4916
723 0.000797653 0.00132424 0.000157897 5.65018e-06 7.88511 1.4916
724 0.000735445 0.000670553 0.000157897 5.65018e-06 7.88511 1.4916
725 0.000471588 0.00132167 0.000157897 5.65018e-06 7.88511 1.4916
726 0.000402096 0.000441475 0.000157897 5.65018e-06 7.88511 1.4916
727 0.000325733 0.000772234 0.000157897 5.65018e-06 7.88511 1.4916
728 0.000471495 0.00112277 0.000157897 5.65018e-06 7.88511 1.4916
729 0.000519005 0.00111035 0.000157897 5.65018e-06 7.88511 1.4916
730 0.000744514 0.000485314 0.000157897 5.65018e-06 7.88511 1.4916
731 0.000826198 0.000478664 0.000157897 5.65018e-06 7.88511 1.4916
732 0.000389732 0.00114612 0.000157897 5.65018e-06 7.88511 1.4916
733 0.000410292 0.000718217 0.000157897 5.65018e-06 7.88511 1.4916
734 0.000384194 0.000670332 0.000157897 5.65018e-06 7.88511 1.4916
735 0.000340754 0.000562505 0.000157897 5.65018e-06 7.88511 1.4916
736 0.000478334 0.000599205 0.000157897 5.65018e-06 7.88511 1.4916
737 0.000429239 0.000595585 0.000157897 5.65018e-06 7.88511 1.4916
738 0.000384958 0.00062954 0.000157897 5.65018e-06 7.88511 1.4916
739 0.000449712 0.000492075 0.000157897 5.65018e-06 7.88511 1.4916
740 0.000487407 0.000489752 0.000157897 5.65018e-06 7.88511 1.4916
741 0.00034577 0.00056763 0.000157897 5.65018e-06 7.88511 1.4916
742 0.000497154 0.000561782 0.000157897 5.65018e-06 7.88511 1.4916
743 0.000576455 0.000652225 0.000157897 5.65018e-06 7.88511 1.4916
744 0.000335772 0.00028526 0.000157897 5.65018e-06 7.88511 1.4916
745 0.000422282 0.000804972 0.000157897 5.65018e-06 7.88511 1.4916
746 0.000408739 0.000875563 0.000157897 5.65018e-06 7.88511 1.4916
747 0.000721199 0.00101841 0.000157897 5.65018e-06 7.88511 1.4916
748 0.000482105 0.000470226 0.000157897 5.65018e-06 7.88511 1.4916
749 0.000321379 0.000618671 0.000157897 5.65018e-06 7.88511 1.4916
750 0.00106682 0.00225537 0.000157897 5.65018e-06 7.88511 1.4916
751 0.000825791 0.000183342 0.000157897 5.65018e-06 7.88511 1.4916
752 0.000916221 0.00130295 0.000157897 5.65018e-06 7.88511 1.4916
753 0.000538396 0.000524711 0.000157897 5.65018e-06 7.88511 1.4916
754 0.000368064 0.000452924 0.000157897 5.65018e-06 7.88511 1.4916
755 0.000325026 0.000677568 0.000157897 5.65018e-06 7.88511 1.4916
756 0.000399343 0.00156766 0.000157897 5.65018e-06 7.88511 1.4916
757 0.000700864 0.00185284 0.000157897 5.65018e-06 7.88511 1.4916
758 0.00193267 0.000698727 0.000157897 5.65018e-06 7.88511 1.4916
759 0.00051992 0.000505864 0.000157897 5.65018e-06 7.88511 1.4916
760 0.000614327 0.000502112 0.000157897 5.65018e-06 7.88511 1.4916
761 0.000271895 0.00049176 0.000157897 5.65018e-06 7.88511 1.4916
762 0.000278137 0.000938138 0.000157897 5.65018e-06 7.88511 1.4916
763 0.000478966 0.000268894 0.000157897 5.65018e-06 7.88511 1.4916
764 0.000284062 0.000531718 0.000157897 5.65018e-06 7.88511 1.4916
765 0.000400634 0.00086473 0.000157897 5.65018e-06 7.88511 1.4916
766 0.000524455 0.000789784 0.000157897 5.65018e-06 7.88511 1.4916
767 0.000298117 0.000857301 0.000157897 5.65018e-06 7.88511 1.4916
768 0.000419545 0.00101909 0.000157897 5.65018e-06 7.88511 1.4916
769 0.000628217 0.00101682 0.000157897 5.65018e-06 7.88511 1.4916
770 0.000357196 0.000745353 0.000157897 5.65018e-06 7.88511 1.4916
771 0.000417969 0.000708389 0.000157897 5.65018e-06 7.88511 1.4916
772 0.000423048 0.00174707 0.000157897 5.65018e-06 7.88511 1.4916
773 0.000704783 0.000580986 0.000157897 5.65018e-06 7.88511 1.4916
774 0.000389717 0.000639911 0.000157897 5.65018e-06 7.88511 1.4916
775 0.000285073 0.000469793 0.000157897 5.65018e-06 7.88511 1.4916
776 0.000740145 0.00203823 0.000157897 5.65018e-06 7.88511 1.4916
777 0.000603271 0.000613675 0.000157897 5.65018e-06 7.88511 1.4916
778 0.00047794 0.000415846 0.000157897 5.65018e-06 7.88511 1.4916
779 0.00040592 0.000497068 0.000157897 5.65018e-06 7.88511 1.4916
780 0.000295399 0.00042397 0.000157897 5.65018e-06 7.88511 1.4916
781 0.000239328 0.000432991 0.000157897 5.65018e-06 7.88511 1.4916
782 0.000258273 0.000437681 0.000157897 5.65018e-06 7.88511 1.4916
783 0.000289412 0.00031487 0.000157897 5.65018e-06 7.88511 1.4916
784 0.000252113 0.000457877 0.000157897 5.65018e-06 7.88511 1.4916
785 0.000256051 0.000786946 0.000157897 5.65018e-06 7.88511 1.4916
786 0.000252998 0.000456604 0.000157897 5.65018e-06 7.88511 1.4916
787 0.000270209 0.000511599 0.000157897 5.65018e-06 7.88511 1.4916
788 0.000310543 0.000536487 0.000157897 5.65018e-06 7.88511 1.4916
789 0.00034515 0.00046232 0.000157897 5.65018e-06 7.88511 1.4916
790 0.000238237 0.000452986 0.000157897 5.65018e-06 7.88511 1.4916
791 0.000265521 0.000466689 0.000157897 5.65018e-06 7.88511 1.4916
792 0.000271424 0.000460106 0.000157897 5.65018e-06 7.88511 1.4916
793 0.000256664 0.000594023 0.000157897 5.65018e-06 7.88511 1.4916
794 0.000262042 0.00047431 0.000157897 5.65018e-06 7.88511 1.4916
795 0.000265781 0.000412656 0.000157897 5.65018e-06 7.88511 1.4916
796 0.000258397 0.000448216 0.000157897 5.65018e-06 7.88511 1.4916
797 0.000273458 0.000464626 0.000157897 5.65018e-06 7.88511 1.4916
798 0.000254642 0.000496234 0.000157897 5.65018e-06 7.88511 1.4916
799 0.00024388 0.000520679 0.000157897 5.65018e-06 7.88511 1.4916
800 0.000236229 0.000531206 0.000157897 5.65018e-06 7.88511 1.4916
801 0.000238974 0.000493693 0.000157897 5.65018e-06 7.88511 1.4916
802 0.00024922 0.000417923 0.000157897 5.65018e-06 7.88511 1.4916
803 0.000251309 0.000598954 0.000157897 5.65018e-06 7.88511 1.4916
804 0.000270901 0.000357485 0.000157897 5.65018e-06 7.88511 1.4916
805 0.000284288 0.000753773 0.000157897 5.65018e-06 7.88511 1.4916
806 0.000270391 0.000513549 0.000157897 5.65018e-06 7.88511 1.4916
807 0.000271504 0.000687339 0.000157897 5.65018e-06 7.88511 1.4916
808 0.000300406 0.000544831 0.000157897 5.65018e-06 7.88511 1.4916
809 0.000277925 0.000437488 0.000157897 5.65018e-06 7.88511 1.4916
810 0.000328851 0.000761275 0.000157897 5.65018e-06 7.88511 1.4916
811 0.000275527 0.000562453 0.000157897 5.65018e-06 7.88511 1.4916
812 0.000287786 0.000436743 0.000157897 5.65018e-06 7.88511 1.4916
813 0.000298812 0.000189108 0.000157897 5.65018e-06 7.88511 1.4916
814 0.000264932 0.000512685 0.000157897 5.65018e-06 7.88511 1.4916
815 0.000264481 0.000443971 0.000157897 5.65018e-06 7.88511 1.4916
816 0.000383637 0.000731709 0.000157897 5.65018e-06 7.88511 1.4916
817 0.000265341 0.00048718 0.000157897 5.65018e-06 7.88511 1.4916
818 0.000270233 0.000482362 0.000157897 5.65018e-06 7.88511 1.4916
819 0.000286292 0.000315231 0.000157897 5.65018e-06 7.88511 1.4916
820 0.000247781 0.000448822 0.000157897 5.65018e-06 7.88511 1.4916
821 0.000272857 0.000688925 0.000157897 5.65018e-06 7.88511 1.4916
822 0.000299297 0.000824786 0.000157897 5.65018e-06 7.88511 1.4916
823 0.000331516 0.000501416 0.000157897 5.65018e-06 7.88511 1.4916
824 0.000261742 0.000597604 0.000157897 5.65018e-06 7.88511 1.4916
825 0.000312052 0.000867565 0.000157897 5.65018e-06 7.88511 1.4916
826 0.000499425 0.000914493 0.000157897 5.65018e-06 7.88511 1.4916
827 0.000325529 0.00048332 0.000157897 5.65018e-06 7.88511 1.4916
828 0.00033473 0.000739561 0.000157897 5.65018e-06 7.88511 1.4916
829 0.000327729 0.000468012 0.000157897 5.65018e-06 7.88511 1.4916
830 0.000259412 0.00049693 0.000157897 5.65018e-06 7.88511 1.4916
831 0.000346393 0.000536067 0.000157897 5.65018e-06 7.88511 1.4916
832 0.000277278 0.000446484 0.000157897 5.65018e-06 7.88511 1.4916
833 0.000294559 0.000545981 0.000157897 5.65018e-06 7.88511 1.4916
834 0.000308167 0.000493082 0.000157897 5.65018e-06 7.88511 1.4916
835 0.000246322 0.000552532 0.000157897 5.65018e-06 7.88511 1.4916
836 0.000348638 0.000589048 0.000157897 5.65018e-06 7.88511 1.4916
837 0.000307813 0.000511313 0.000157897 5.65018e-06 7.88511 1.4916
838 0.000341025 0.000831056 0.000157897 5.65018e-06 7.88511 1.4916
839 0.000261363 0.00052252 0.000157897 5.65018e-06 7.88511 1.4916
840 0.000258625 0.000497694 0.000157897 5.65018e-06 7.88511 1.4916
841 0.000275559 0.00053021 0.000157897 5.65018e-06 7.88511 1.4916
842 0.000279316 0.000450301 0.000157897 5.65018e-06 7.88511 1.4916
843 0.000508876 0.00046196 0.000157897 5.65018e-06 7.88511 1.4916
844 0.000262771 0.000796086 0.000157897 5.65018e-06 7.88511 1.4916
845 0.00033758 0.000459327 0.000157897 5.65018e-06 7.88511 1.4916
846 0.000344612 0.000718517 0.000157897 5.65018e-06 7.88511 1.4916
847 0.000287258 0.000426512 0.000157897 5.65018e-06 7.88511 1.4916
848 0.000339132 0.000506697 0.000157897 5.65018e-06 7.88511 1.4916
849 0.000452666 0.000649788 0.000157897 5.65018e-06 7.88511 1.4916
850 0.000598751 0.00124181 0.000157897 5.65018e-06 7.88511 1.4916
851 0.000375085 0.000436116 0.000157897 5.65018e-06 7.88511 1.4916
852 0.000311443 0.000477525 0.000157897 5.65018e-06 7.88511 1.4916
853 0.000303705 0.000557177 0.000157897 5.65018e-06 7.88511 1.4916
854 0.000276587 0.00047744 0.000157897 5.65018e-06 7.88511 1.4916
855 0.000303632 0.000476978 0.000157897 5.65018e-06 7.88511 1.4916
856 0.000288116 0.00043083 0.000157897 5.65018e-06 7.88511 1.4916
857 0.000295535 0.000210469 0.000157897 5.65018e-06 7.88511 1.4916
858 0.000296065 0.000770157 0.000157897 5.65018e-06 7.88511 1.4916
859 0.000294832 0.000490769 0.000157897 5.65018e-06 7.88511 1.4916
860 0.000300455 0.00088527 0.000157897 5.65018e-06 7.88511 1.4916
861 0.000338179 0.00056128 0.000157897 5.65018e-06 7.88511 1.4916
862 0.000389956 0.000811785 0.000157897 5.65018e-06 7.88511 1.4916
863 0.000299675 0.000766774 0.000157897 5.65018e-06 7.88511 1.4916
864 0.000300348 0.0007898 0.000157897 5.65018e-06 7.88511 1.4916
865 0.000269008 0.000575563 0.000157897 5.65018e-06 7.88511 1.4916
866 0.000260352 0.000418197 0.000157897 5.65018e-06 7.88511 1.4916
867 0.000255303 0.000851082 0.000157897 5.65018e-06 7.88511 1.4916
868 0.000639834 0.000868355 0.000157897 5.65018e-06 7.88511 1.4916
869 0.000327907 0.00046293 0.000157897 5.65018e-06 7.88511 1.4916
870 0.000252372 0.00091759 0.000157897 5.65018e-06 7.88511 1.4916
871 0.000270734 0.000831218 0.000157897 5.65018e-06 7.88511 1.4916
872 0.000262508 0.000613401 0.000157897 5.65018e-06 7.88511 1.4916
873 0.00040112 0.000480542 0.000157897 5.65018e-06 7.88511 1.4916
874 0.000275196 0.000490719 0.000157897 5.65018e-06 7.88511 1.4916
875 0.000277982 0.000541835 0.000157897 5.65018e-06 7.88511 1.4916
876 0.000340318 0.00078183 0.000157897 5.65018e-06 7.88511 1.4916
877 0.000348622 0.000599281 0.000157897 5.65018e-06 7.88511 1.4916
878 0.000318429 0.000489666 0.000157897 5.65018e-06 7.88511 1.4916
879 0.000268218 0.000680552 0.000157897 5.65018e-06 7.88511 1.4916
880 0.000411865 0.000522771 0.000157897 5.65018e-06 7.88511 1.4916
881 0.00023752 0.000460595 0.000157897 5.65018e-06 7.88511 1.4916
882 0.00023226 0.000477893 0.000157897 5.65018e-06 7.88511 1.4916
883 0.000226684 0.000580067 0.000157897 5.65018e-06 7.88511 1.4916
884 0.00023756 0.000720189 0.000157897 5.65018e-06 7.88511 1.4916
885 0.000234125 0.00049338 0.000157897 5.65018e-06 7.88511 1.4916
886 0.000231057 0.000582399 0.000157897 5.65018e-06 7.88511 1.4916
887 0.000249697 0.000491422 0.000157897 5.65018e-06 7.88511 1.4916
888 0.000227542 0.000472052 0.000157897 5.65018e-06 7.88511 1.4916
889 0.000275982 0.000486403 0.000157897 5.65018e-06 7.88511 1.4916
890 0.000241231 0.000436943 0.000157897 5.65018e-06 7.88511 1.4916
891 0.000232905 0.000734836 0.000157897 5.65018e-06 7.88511 1.4916
892 0.000229933 0.000470344 0.000157897 5.65018e-06 7.88511 1.4916
893 0.00023986 0.000448749 0.000157897 5.65018e-06 7.88511 1.4916
894 0.000235081 0.000601898 0.000157897 5.65018e-06 7.88511 1.4916
895 0.000257879 0.0007298 0.000157897 5.65018e-06 7.88511 1.4916
896 0.00026408 0.000601366 0.000157897 5.65018e-06 7.88511 1.4916
897 0.000242242 0.000749966 0.000157897 5.65018e-06 7.88511 1.4916
898 0.000246956 0.000448471 0.000157897 5.65018e-06 7.88511 1.4916
899 0.000226631 0.000510954 0.000157897 5.65018e-06 7.88511 1.4916
900 0.000236409 0.000488239 0.000157897 5.65018e-06 7.88511 1.4916
901 0.000247771 0.000509673 0.000157897 5.65018e-06 7.88511 1.4916
902 0.00023941 0.000470084 0.000157897 5.65018e-06 7.88511 1.4916
903 0.000237683 0.00046899 0.000157897 5.65018e-06 7.88511 1.4916
904 0.000243392 0.000445991 0.000157897 5.65018e-06 7.88511 1.4916
905 0.000244762 0.00046054 0.000157897 5.65018e-06 7.88511 1.4916
906 0.00027027 0.000561686 0.000157897 5.65018e-06 7.88511 1.4916
907 0.000244787 0.00045266 0.000157897 5.65018e-06 7.88511 1.4916
908 0.000272311 0.000503826 0.000157897 5.65018e-06 7.88511 1.4916
909 0.000229966 0.00022175 0.000157897 5.65018e-06 7.88511 1.4916
910 0.000241347 0.000509222 0.000157897 5.65018e-06 7.88511 1.4916
911 0.000283879 0.000497465 0.000157897 5.65018e-06 7.88511 1.4916
912 0.000278265 0.000726504 0.000157897 5.65018e-06 7.88511 1.4916
913 0.000254177 0.000756146 0.000157897 5.65018e-06 7.88511 1.4916
914 0.000240492 0.000820398 0.000157897 5.65018e-06 7.88511 1.4916
915 0.000243235 0.000553801 0.000157897 5.65018e-06 7.88511 1.4916
916 0.000235063 0.000466789 0.000157897 5.65018e-06 7.88511 1.4916
917 0.000233972 0.000499892 0.000157897 5.65018e-06 7.88511 1.4916
918 0.00025898 0.000533148 0.000157897 5.65018e-06 7.88511 1.4916
919 0.000239666 0.000440545 0.000157897 5.65018e-06 7.88511 1.4916
920 0.000241982 0.000739019 0.000157897 5.65018e-06 7.88511 1.4916
921 0.000280705 0.000569177 0.000157897 5.65018e-06 7.88511 1.4916
922 0.000417247 0.000630893 0.000157897 5.65018e-06 7.88511 1.4916
923 0.00030314 0.00045849 0.000157897 5.65018e-06 7.88511 1.4916
924 0.000246665 0.000465876 0.000157897 5.65018e-06 7.88511 1.4916
925 0.000244194 0.000532885 0.000157897 5.65018e-06 7.88511 1.4916
926 0.000292775 0.000522805 0.000157897 5.65018e-06 7.88511 1.4916
927 0.000250022 0.000508909 0.000157897 5.65018e-06 7.88511 1.4916
928 0.000241191 0.000437098 0.000157897 5.65018e-06 7.88511 1.4916
929 0.000274616 0.000707411 0.000157897 5.65018e-06 7.88511 1.4916
930 0.00035498 0.000531067 0.000157897 5.65018e-06 7.88511 1.4916
931 0.000266451 0.000753105 0.000157897 5.65018e-06 7.88511 1.4916
932 0.000234523 0.000466338 0.000157897 5.65018e-06 7.88511 1.4916
933 0.000235925 0.000786851 0.000157897 5.65018e-06 7.88511 1.4916
934 0.000244699 0.000175106 0.000157897 5.65018e-06 7.88511 1.4916
935 0.00023627 0.000503036 0.000157897 5.65018e-06 7.88511 1.4916
936 0.000235333 0.000480876 0.000157897 5.65018e-06 7.88511 1.4916
937 0.000256498 0.000728803 0.000157897 5.65018e-06 7.88511 1.4916
938 0.000256195 0.00052433 0.000157897 5.65018e-06 7.88511 1.4916
939 0.000248022 0.000481612 0.000157897 5.65018e-06 7.88511 1.4916
940 0.000258349 0.000735988 0.000157897 5.65018e-06 7.88511 1.4916
941 0.000240369 0.000813896 0.000157897 5.65018e-06 7.88511 1.4916
942 0.000236824 0.00045291 0.000157897 5.65018e-06 7.88511 1.4916
943 0.00025416 0.00045721 0.000157897 5.65018e-06 7.88511 1.4916
944 0.000275209 0.000769961 0.000157897 5.65018e-06 7.88511 1.4916
945 0.000310185 0.000579307 0.000157897 5.65018e-06 7.88511 1.4916
946 0.0002659 0.000844392 0.000157897 5.65018e-06 7.88511 1.4916
947 0.000281052 0.000498877 0.000157897 5.65018e-06 7.88511 1.4916
948 0.000310252 0.000681094 0.000157897 5.65018e-06 7.88511 1.4916
949 0.000263017 0.000475806 0.000157897 5.65018e-06 7.88511 1.4916
950 0.000227946 0.000423966 0.000157897 5.65018e-06 7.88511 1.4916
951 0.000264883 0.000749869 0.000157897 5.65018e-06 7.88511 1.4916
952 0.000300816 0.000459767 0.000157897 5.65018e-06 7.88511 1.4916
953 0.000251814 0.000228504 0.000157897 5.65018e-06 7.88511 1.4916
954 0.000231804 0.00047672 0.000157897 5.65018e-06 7.88511 1.4916
955 0.000233589 0.000476742 0.000157897 5.65018e-06 7.88511 1.4916
956 0.000230611 0.000717538 0.000157897 5.65018e-06 7.88511 1.4916
957 0.000273161 0.000462094 0.000157897 5.65018e-06 7.88511 1.4916
958 0.000246375 0.000524511 0.000157897 5.65018e-06 7.88511 1.4916
959 0.000244825 0.000505935 0.000157897 5.65018e-06 7.88511 1.4916
960 0.000233662 0.000450956 0.000157897 5.65018e-06 7.88511 1.4916
961 0.000251755 0.000457885 0.000157897 5.65018e-06 7.88511 1.4916
962 0.000243879 0.000490292 0.000157897 5.65018e-06 7.88511 1.4916
963 0.000241681 0.000476606 0.000157897 5.65018e-06 7.88511 1.4916
964 0.000262562 0.000453033 0.000157897 5.65018e-06 7.88511 1.4916
965 0.000275821 0.000532018 0.000157897 5.65018e-06 7.88511 1.4916
966 0.000251176 0.00046251 0.000157897 5.65018e-06 7.88511 1.4916
967 0.000243283 0.000454112 0.000157897 5.65018e-06 7.88511 1.4916
968 0.000244977 0.000470599 0.000157897 5.65018e-06 7.88511 1.4916
969 0.000242167 0.000459835 0.000157897 5.65018e-06 7.88511 1.4916
970 0.000285643 0.000215314 0.000157897 5.65018e-06 7.88511 1.4916
971 0.000251296 0.000469826 0.000157897 5.65018e-06 7.88511 1.4916
972 0.000305973 0.000517789 0.000157897 5.65018e-06 7.88511 1.4916
973 0.000234744 0.000496568 0.000157897 5.65018e-06 7.88511 1.4916
974 0.000261782 0.000564682 0.000157897 5.65018e-06 7.88511 1.4916
975 0.000303085 0.000490113 0.000157897 5.65018e-06 7.88511 1.4916
976 0.000243277 0.000488134 0.000157897 5.65018e-06 7.88511 1.4916
977 0.000232472 0.000462045 0.000157897 5.65018e-06 7.88511 1.4916
978 0.000259814 0.000476654 0.000157897 5.65018e-06 7.88511 1.4916
979 0.000237551 0.000603301 0.000157897 5.65018e-06 7.88511 1.4916
980 0.000288991 0.000428325 0.000157897 5.65018e-06 7.88511 1.4916
