1 42.8243 1.15351 1.79769e+308 1.79769e+308 inf inf
2 0.497824 0.202577 1.79769e+308 1.79769e+308 inf inf
3 0.15036 0.0910321 0.202577 0.00555267 282.433 46.7596
4 0.0980372 0.0738988 0.0910321 0.00368458 189.329 38.0903
5 0.059229 0.0430612 0.0738988 0.00238013 170.584 30.6141
6 0.0399759 0.0566862 0.0430612 0.00162219 130.216 25.2739
7 0.0283208 0.0179017 0.0430612 0.00162219 130.216 25.2739
8 0.0209637 0.0261846 0.0179017 0.00087984 83.9591 18.6133
9 0.0164912 0.0174173 0.0179017 0.00087984 83.9591 18.6133
10 0.0154651 0.017235 0.0174173 0.000570052 82.8153 14.9823
11 0.0157996 0.0090683 0.017235 0.000459089 82.3807 13.4452
12 0.0142328 0.00778716 0.0090683 0.000387556 59.7562 12.3534
13 0.0105893 0.00958391 0.00778716 0.000328452 55.3745 11.3725
14 0.0157333 0.0105768 0.00778716 0.000328452 55.3745 11.3725
15 0.0257356 0.0103775 0.00778716 0.000328452 55.3745 11.3725
16 0.0141526 0.0208773 0.00778716 0.000328452 55.3745 11.3725
17 0.0449363 0.012561 0.00778716 0.000328452 55.3745 11.3725
18 0.0118674 0.00844056 0.00778716 0.000328452 55.3745 11.3725
19 0.00987917 0.0197532 0.00778716 0.000328452 55.3745 11.3725
20 0.0164859 0.0110447 0.00778716 0.000328452 55.3745 11.3725
21 0.0135482 0.0106007 0.00778716 0.000328452 55.3745 11.3725
22 0.0202222 0.0126684 0.00778716 0.000328452 55.3745 11.3725
23 0.0654871 0.00388173 0.00778716 0.000328452 55.3745 11.3725
24 0.0163602 0.0476715 0.00388173 9.32519e-05 39.0961 6.05967
25 0.0100589 0.00376519 0.00388173 9.32519e-05 39.0961 6.05967
26 0.00866063 0.00457623 0.00376519 7.99893e-05 38.5047 5.61224
27 0.0215121 0.0388738 0.00376519 7.99893e-05 38.5047 5.61224
28 0.00795144 0.00227279 0.00376519 7.99893e-05 38.5047 5.61224
29 0.143873 0.0541774 0.00227279 6.36317e-05 29.9157 5.00561
30 0.0169896 0.00780391 0.00227279 6.36317e-05 29.9157 5.00561
31 0.014815 0.00688584 0.00227279 6.36317e-05 29.9157 5.00561
32 0.011358 0.00199245 0.00227279 6.36317e-05 29.9157 5.00561
33 0.0043027 0.00176216 0.00199245 5.13636e-05 28.01 4.49726
34 0.0824332 0.408828 0.00176216 4.50551e-05 26.3417 4.21204
35 0.202336 0.330127 0.00176216 4.50551e-05 26.3417 4.21204
36 0.168909 0.00679536 0.00176216 4.50551e-05 26.3417 4.21204
37 0.0170947 0.00685053 0.00176216 4.50551e-05 26.3417 4.21204
38 0.00427999 0.00139886 0.00176216 4.50551e-05 26.3417 4.21204
39 0.00342672 0.00501402 0.00139886 3.65423e-05 23.4697 3.79331
40 0.011207 0.038263 0.00139886 3.65423e-05 23.4697 3.79331
41 0.131375 0.054338 0.00139886 3.65423e-05 23.4697 3.79331
42 0.00644883 0.00740945 0.00139886 3.65423e-05 23.4697 3.79331
43 0.00378516 0.00679455 0.00139886 3.65423e-05 23.4697 3.79331
44 0.0360445 0.12049 0.00139886 3.65423e-05 23.4697 3.79331
45 0.0813081 0.00117927 0.00139886 3.65423e-05 23.4697 3.79331
46 0.0357516 0.0166776 0.00117927 2.71863e-05 21.549 3.27187
47 0.103 0.570692 0.00117927 2.71863e-05 21.549 3.27187
48 0.13505 0.00256957 0.00117927 2.71863e-05 21.549 3.27187
49 0.0319858 0.0531403 0.00117927 2.71863e-05 21.549 3.27187
50 0.167637 0.00523629 0.00117927 2.71863e-05 21.549 3.27187
51 0.0307732 0.00246829 0.00117927 2.71863e-05 21.549 3.27187
52 0.0172977 0.00423266 0.00117927 2.71863e-05 21.549 3.27187
53 0.0898591 0.00197451 0.00117927 2.71863e-05 21.549 3.27187
54 0.0619797 0.0102849 0.00117927 2.71863e-05 21.549 3.27187
55 0.0731709 0.0114554 0.00117927 2.71863e-05 21.549 3.27187
56 0.0842194 0.183979 0.00117927 2.71863e-05 21.549 3.27187
57 0.0642341 0.00802375 0.00117927 2.71863e-05 21.549 3.27187
58 0.0147685 0.0770847 0.00117927 2.71863e-05 21.549 3.27187
59 0.351756 0.809556 0.00117927 2.71863e-05 21.549 3.27187
60 0.471118 0.0155411 0.00117927 2.71863e-05 21.549 3.27187
61 0.00461915 0.000757038 0.00117927 2.71863e-05 21.549 3.27187
62 0.00258997 0.00197676 0.000757038 1.90033e-05 17.2655 2.73549
63 0.00129121 0.000862047 0.000757038 1.90033e-05 17.2655 2.73549
64 0.00202653 0.000754698 0.000757038 1.90033e-05 17.2655 2.73549
65 0.0011634 0.00354606 0.000754698 1.68806e-05 17.2388 2.57819
66 0.00809535 0.00458388 0.000754698 1.68806e-05 17.2388 2.57819
67 0.0544617 0.00137817 0.000754698 1.68806e-05 17.2388 2.57819
68 0.00169662 0.0014568 0.000754698 1.68806e-05 17.2388 2.57819
69 0.0212446 0.772408 0.000754698 1.68806e-05 17.2388 2.57819
70 1.10268 0.508224 0.000754698 1.68806e-05 17.2388 2.57819
71 0.110475 0.00773024 0.000754698 1.68806e-05 17.2388 2.57819
72 0.00342997 0.000971881 0.000754698 1.68806e-05 17.2388 2.57819
73 0.00101177 0.000785988 0.000754698 1.68806e-05 17.2388 2.57819
74 0.000952035 0.000814945 0.000754698 1.68806e-05 17.2388 2.57819
75 0.000792269 0.00100297 0.000754698 1.68806e-05 17.2388 2.57819
76 0.00100939 0.00195136 0.000754698 1.68806e-05 17.2388 2.57819
77 0.00100325 0.00118621 0.000754698 1.68806e-05 17.2388 2.57819
78 0.000883864 0.000551 0.000754698 1.68806e-05 17.2388 2.57819
79 0.00120988 0.000508516 0.000551 1.41514e-05 14.7298 2.36059
80 0.00163808 0.0116193 0.000508516 1.43466e-05 14.1505 2.37681
81 0.0064173 0.0198702 0.000508516 1.43466e-05 14.1505 2.37681
82 0.0424776 0.00843683 0.000508516 1.43466e-05 14.1505 2.37681
83 0.0335189 0.0689136 0.000508516 1.43466e-05 14.1505 2.37681
84 0.134967 0.122958 0.000508516 1.43466e-05 14.1505 2.37681
85 0.0740665 0.00265477 0.000508516 1.43466e-05 14.1505 2.37681
86 0.00420655 0.00251816 0.000508516 1.43466e-05 14.1505 2.37681
87 0.00957943 0.0171898 0.000508516 1.43466e-05 14.1505 2.37681
88 0.0564311 0.0438605 0.000508516 1.43466e-05 14.1505 2.37681
89 0.742568 0.0521203 0.000508516 1.43466e-05 14.1505 2.37681
90 0.110221 0.00724132 0.000508516 1.43466e-05 14.1505 2.37681
91 0.00410791 0.000727914 0.000508516 1.43466e-05 14.1505 2.37681
92 0.000956631 0.000699025 0.000508516 1.43466e-05 14.1505 2.37681
93 0.000786645 0.001704 0.000508516 1.43466e-05 14.1505 2.37681
94 0.00112227 0.00113842 0.000508516 1.43466e-05 14.1505 2.37681
95 0.000815242 0.000541872 0.000508516 1.43466e-05 14.1505 2.37681
96 0.00111915 0.00138281 0.000508516 1.43466e-05 14.1505 2.37681
97 0.00333195 0.000637802 0.000508516 1.43466e-05 14.1505 2.37681
98 0.00257746 0.0147602 0.000508516 1.43466e-05 14.1505 2.37681
99 0.00511048 0.0208011 0.000508516 1.43466e-05 14.1505 2.37681
100 0.060404 0.0885521 0.000508516 1.43466e-05 14.1505 2.37681
101 0.399597 0.197904 0.000508516 1.43466e-05 14.1505 2.37681
102 0.0338649 0.0116144 0.000508516 1.43466e-05 14.1505 2.37681
103 0.00169433 0.000991025 0.000508516 1.43466e-05 14.1505 2.37681
104 0.000960805 0.000531132 0.000508516 1.43466e-05 14.1505 2.37681
105 0.000921051 0.000541904 0.000508516 1.43466e-05 14.1505 2.37681
106 0.00082349 0.000611221 0.000508516 1.43466e-05 14.1505 2.37681
107 0.00221988 0.00110603 0.000508516 1.43466e-05 14.1505 2.37681
108 0.00406971 0.0062178 0.000508516 1.43466e-05 14.1505 2.37681
109 0.00956807 0.001927 0.000508516 1.43466e-05 14.1505 2.37681
110 0.154426 4.39125 0.000508516 1.43466e-05 14.1505 2.37681
111 0.340637 0.00162753 0.000508516 1.43466e-05 14.1505 2.37681
112 0.00637578 0.00133829 0.000508516 1.43466e-05 14.1505 2.37681
113 0.000858537 0.000334263 0.000508516 1.43466e-05 14.1505 2.37681
114 0.00104498 0.000799756 0.000334263 1.12173e-05 11.4727 2.10167
115 0.00669839 0.0119943 0.000334263 1.12173e-05 11.4727 2.10167
116 0.0253219 0.030021 0.000334263 1.12173e-05 11.4727 2.10167
117 0.0192339 0.000675601 0.000334263 1.12173e-05 11.4727 2.10167
118 0.0134492 0.0169926 0.000334263 1.12173e-05 11.4727 2.10167
119 0.237207 0.216438 0.000334263 1.12173e-05 11.4727 2.10167
120 0.141163 0.00834217 0.000334263 1.12173e-05 11.4727 2.10167
121 0.0040672 0.000273493 0.000334263 1.12173e-05 11.4727 2.10167
122 0.00161448 0.00222386 0.000273493 1.0689e-05 10.3775 2.05158
123 0.00169277 0.000778926 0.000273493 1.0689e-05 10.3775 2.05158
124 0.00178521 0.00041782 0.000273493 1.0689e-05 10.3775 2.05158
125 0.0332872 0.0017716 0.000273493 1.0689e-05 10.3775 2.05158
126 0.0132462 0.000963115 0.000273493 1.0689e-05 10.3775 2.05158
127 0.00138645 0.0003919 0.000273493 1.0689e-05 10.3775 2.05158
128 0.00247696 0.00336487 0.000273493 1.0689e-05 10.3775 2.05158
129 0.0873888 0.0797373 0.000273493 1.0689e-05 10.3775 2.05158
130 0.022707 0.00471998 0.000273493 1.0689e-05 10.3775 2.05158
131 0.115455 0.116611 0.000273493 1.0689e-05 10.3775 2.05158
132 0.0799629 0.0107334 0.000273493 1.0689e-05 10.3775 2.05158
133 0.00604651 0.000468307 0.000273493 1.0689e-05 10.3775 2.05158
134 0.00408417 0.00311456 0.000273493 1.0689e-05 10.3775 2.05158
135 0.00532442 0.0301029 0.000273493 1.0689e-05 10.3775 2.05158
136 0.0352264 0.0223916 0.000273493 1.0689e-05 10.3775 2.05158
137 0.461483 0.108651 0.000273493 1.0689e-05 10.3775 2.05158
138 0.0171613 0.000285772 0.000273493 1.0689e-05 10.3775 2.05158
139 0.000792686 0.000280277 0.000273493 1.0689e-05 10.3775 2.05158
140 0.000779247 0.000343054 0.000273493 1.0689e-05 10.3775 2.05158
141 0.001092 0.00054883 0.000273493 1.0689e-05 10.3775 2.05158
142 0.00080904 0.000425928 0.000273493 1.0689e-05 10.3775 2.05158
143 0.00184841 0.00104892 0.000273493 1.0689e-05 10.3775 2.05158
144 0.00384155 0.00045113 0.000273493 1.0689e-05 10.3775 2.05158
145 0.00310479 0.0065074 0.000273493 1.0689e-05 10.3775 2.05158
146 0.00574176 0.00342461 0.000273493 1.0689e-05 10.3775 2.05158
147 0.0591385 0.0746077 0.000273493 1.0689e-05 10.3775 2.05158
148 0.0973927 0.0132982 0.000273493 1.0689e-05 10.3775 2.05158
149 0.00613788 0.000586026 0.000273493 1.0689e-05 10.3775 2.05158
150 0.0030197 0.00224642 0.000273493 1.0689e-05 10.3775 2.05158
151 0.0381315 0.00931696 0.000273493 1.0689e-05 10.3775 2.05158
152 0.04434 0.0255915 0.000273493 1.0689e-05 10.3775 2.05158
153 0.0558027 0.18459 0.000273493 1.0689e-05 10.3775 2.05158
154 0.219304 0.149592 0.000273493 1.0689e-05 10.3775 2.05158
155 0.0120381 0.00307423 0.000273493 1.0689e-05 10.3775 2.05158
156 0.00113311 0.00206535 0.000273493 1.0689e-05 10.3775 2.05158
157 0.00216798 0.00599364 0.000273493 1.0689e-05 10.3775 2.05158
158 0.00122991 0.000205882 0.000273493 1.0689e-05 10.3775 2.05158
159 0.00461321 0.040349 0.000205882 8.16766e-06 9.00388 1.79337
160 0.171184 0.0138633 0.000205882 8.16766e-06 9.00388 1.79337
161 0.0618059 0.0879487 0.000205882 8.16766e-06 9.00388 1.79337
162 0.0301451 0.0202059 0.000205882 8.16766e-06 9.00388 1.79337
163 0.00593007 0.00270001 0.000205882 8.16766e-06 9.00388 1.79337
164 0.00149456 0.00130786 0.000205882 8.16766e-06 9.00388 1.79337
165 0.0167455 0.000885677 0.000205882 8.16766e-06 9.00388 1.79337
166 0.0140189 0.15684 0.000205882 8.16766e-06 9.00388 1.79337
167 0.0679885 0.0704509 0.000205882 8.16766e-06 9.00388 1.79337
168 0.0419542 0.000820946 0.000205882 8.16766e-06 9.00388 1.79337
169 0.00722573 0.000807587 0.000205882 8.16766e-06 9.00388 1.79337
170 0.000973063 0.000943423 0.000205882 8.16766e-06 9.00388 1.79337
171 0.0356126 0.0216488 0.000205882 8.16766e-06 9.00388 1.79337
172 0.0866908 0.00382773 0.000205882 8.16766e-06 9.00388 1.79337
173 0.00222555 0.000771508 0.000205882 8.16766e-06 9.00388 1.79337
174 0.0154516 0.035725 0.000205882 8.16766e-06 9.00388 1.79337
175 0.0306901 0.000310918 0.000205882 8.16766e-06 9.00388 1.79337
176 0.00759805 0.000404769 0.000205882 8.16766e-06 9.00388 1.79337
177 0.0819569 0.470328 0.000205882 8.16766e-06 9.00388 1.79337
178 0.12279 0.0221573 0.000205882 8.16766e-06 9.00388 1.79337
179 0.00635605 0.00276771 0.000205882 8.16766e-06 9.00388 1.79337
180 0.00262783 0.00508048 0.000205882 8.16766e-06 9.00388 1.79337
181 0.00362653 0.0212167 0.000205882 8.16766e-06 9.00388 1.79337
182 0.0207064 0.0813124 0.000205882 8.16766e-06 9.00388 1.79337
183 0.308545 0.0110115 0.000205882 8.16766e-06 9.00388 1.79337
184 0.00799369 0.00094895 0.000205882 8.16766e-06 9.00388 1.79337
185 0.000937638 0.000435237 0.000205882 8.16766e-06 9.00388 1.79337
186 0.000885881 0.00128454 0.000205882 8.16766e-06 9.00388 1.79337
187 0.000883354 0.000292803 0.000205882 8.16766e-06 9.00388 1.79337
188 0.00140871 0.00376373 0.000205882 8.16766e-06 9.00388 1.79337
189 0.00303199 0.000657881 0.000205882 8.16766e-06 9.00388 1.79337
190 0.00386 0.00313785 0.000205882 8.16766e-06 9.00388 1.79337
191 0.0187147 0.0305726 0.000205882 8.16766e-06 9.00388 1.79337
192 0.138021 0.294606 0.000205882 8.16766e-06 9.00388 1.79337
193 0.0472606 0.00877836 0.000205882 8.16766e-06 9.00388 1.79337
194 0.00416372 0.000416142 0.000205882 8.16766e-06 9.00388 1.79337
195 0.0065476 0.000706924 0.000205882 8.16766e-06 9.00388 1.79337
196 0.00709191 0.00431316 0.000205882 8.16766e-06 9.00388 1.79337
197 0.00227392 0.000544247 0.000205882 8.16766e-06 9.00388 1.79337
198 0.0194268 0.00537152 0.000205882 8.16766e-06 9.00388 1.79337
199 0.0101826 0.0190185 0.000205882 8.16766e-06 9.00388 1.79337
200 0.0244494 0.00447644 0.000205882 8.16766e-06 9.00388 1.79337
201 0.126708 0.162638 0.000205882 8.16766e-06 9.00388 1.79337
202 0.0282922 0.0217853 0.000205882 8.16766e-06 9.00388 1.79337
203 0.00538479 0.000837078 0.000205882 8.16766e-06 9.00388 1.79337
204 0.00114211 0.00437841 0.000205882 8.16766e-06 9.00388 1.79337
205 0.00449767 0.00333071 0.000205882 8.16766e-06 9.00388 1.79337
206 0.0486005 0.818747 0.000205882 8.16766e-06 9.00388 1.79337
207 0.281797 0.111199 0.000205882 8.16766e-06 9.00388 1.79337
208 0.0317111 0.00564108 0.000205882 8.16766e-06 9.00388 1.79337
209 0.00162381 0.000787865 0.000205882 8.16766e-06 9.00388 1.79337
210 0.00129254 0.000351149 0.000205882 8.16766e-06 9.00388 1.79337
211 0.000956284 0.00202108 0.000205882 8.16766e-06 9.00388 1.79337
212 0.00108426 0.000264106 0.000205882 8.16766e-06 9.00388 1.79337
213 0.00159294 0.00550024 0.000205882 8.16766e-06 9.00388 1.79337
214 0.0075753 0.0015066 0.000205882 8.16766e-06 9.00388 1.79337
215 0.00438409 0.028522 0.000205882 8.16766e-06 9.00388 1.79337
216 0.0103163 0.00094428 0.000205882 8.16766e-06 9.00388 1.79337
217 0.00469856 0.00519057 0.000205882 8.16766e-06 9.00388 1.79337
218 0.080638 0.0110442 0.000205882 8.16766e-06 9.00388 1.79337
219 0.021509 0.0207435 0.000205882 8.16766e-06 9.00388 1.79337
220 0.0057155 0.000576125 0.000205882 8.16766e-06 9.00388 1.79337
221 0.00704343 0.000308465 0.000205882 8.16766e-06 9.00388 1.79337
222 0.00732004 0.00783639 0.000205882 8.16766e-06 9.00388 1.79337
223 0.059183 0.0336883 0.000205882 8.16766e-06 9.00388 1.79337
224 0.0367544 0.0194778 0.000205882 8.16766e-06 9.00388 1.79337
225 0.102078 0.0245639 0.000205882 8.16766e-06 9.00388 1.79337
226 0.00385293 0.000360087 0.000205882 8.16766e-06 9.00388 1.79337
227 0.00177315 0.00212805 0.000205882 8.16766e-06 9.00388 1.79337
228 0.000681935 0.000423693 0.000205882 8.16766e-06 9.00388 1.79337
229 0.00538022 0.00709002 0.000205882 8.16766e-06 9.00388 1.79337
230 0.00780441 0.0377307 0.000205882 8.16766e-06 9.00388 1.79337
231 0.0203897 0.000232498 0.000205882 8.16766e-06 9.00388 1.79337
232 0.048642 0.00340284 0.000205882 8.16766e-06 9.00388 1.79337
233 0.00673759 0.00298437 0.000205882 8.16766e-06 9.00388 1.79337
234 0.01862 0.022325 0.000205882 8.16766e-06 9.00388 1.79337
235 0.00948321 0.00187219 0.000205882 8.16766e-06 9.00388 1.79337
236 0.126239 0.337796 0.000205882 8.16766e-06 9.00388 1.79337
237 0.0875357 0.00293873 0.000205882 8.16766e-06 9.00388 1.79337
238 0.00311215 0.000746404 0.000205882 8.16766e-06 9.00388 1.79337
239 0.000754026 0.000564131 0.000205882 8.16766e-06 9.00388 1.79337
240 0.000442061 0.000481193 0.000205882 8.16766e-06 9.00388 1.79337
241 0.0174063 0.0287242 0.000205882 8.16766e-06 9.00388 1.79337
242 0.0424798 0.0022864 0.000205882 8.16766e-06 9.00388 1.79337
243 0.00132335 0.0018221 0.000205882 8.16766e-06 9.00388 1.79337
244 0.017519 0.0190585 0.000205882 8.16766e-06 9.00388 1.79337
245 0.00341588 0.0010354 0.000205882 8.16766e-06 9.00388 1.79337
246 0.030944 0.420626 0.000205882 8.16766e-06 9.00388 1.79337
247 0.0540697 0.00041439 0.000205882 8.16766e-06 9.00388 1.79337
248 0.00690951 0.00957612 0.000205882 8.16766e-06 9.00388 1.79337
249 0.0132872 0.0115843 0.000205882 8.16766e-06 9.00388 1.79337
250 0.00638967 0.000587388 0.000205882 8.16766e-06 9.00388 1.79337
251 0.0338276 0.0257561 0.000205882 8.16766e-06 9.00388 1.79337
252 0.01204 0.0184399 0.000205882 8.16766e-06 9.00388 1.79337
253 0.00487762 0.0273869 0.000205882 8.16766e-06 9.00388 1.79337
254 0.0114563 0.0438131 0.000205882 8.16766e-06 9.00388 1.79337
255 0.0738495 0.0220549 0.000205882 8.16766e-06 9.00388 1.79337
256 0.00941506 0.00232328 0.000205882 8.16766e-06 9.00388 1.79337
257 0.0175139 0.00175742 0.000205882 8.16766e-06 9.00388 1.79337
258 0.059986 0.0170212 0.000205882 8.16766e-06 9.00388 1.79337
259 0.00395435 0.000622167 0.000205882 8.16766e-06 9.00388 1.79337
260 0.000464063 0.000377498 0.000205882 8.16766e-06 9.00388 1.79337
261 0.000341332 0.000326793 0.000205882 8.16766e-06 9.00388 1.79337
262 0.000374168 0.000254322 0.000205882 8.16766e-06 9.00388 1.79337
263 0.000358478 0.000316021 0.000205882 8.16766e-06 9.00388 1.79337
264 0.000389165 0.000443641 0.000205882 8.16766e-06 9.00388 1.79337
265 0.000439292 0.000286437 0.000205882 8.16766e-06 9.00388 1.79337
266 0.00036557 0.000360943 0.000205882 8.16766e-06 9.00388 1.79337
267 0.000362239 0.00016167 0.000205882 8.16766e-06 9.00388 1.79337
268 0.000502155 0.000353622 0.00016167 6.19808e-06 7.97875 1.56224
269 0.000725994 0.00036876 0.00016167 6.19808e-06 7.97875 1.56224
270 0.000376787 0.000273628 0.00016167 6.19808e-06 7.97875 1.56224
271 0.000381354 0.000308773 0.00016167 6.19808e-06 7.97875 1.56224
272 0.000408164 0.000276387 0.00016167 6.19808e-06 7.97875 1.56224
273 0.000445675 0.000178227 0.00016167 6.19808e-06 7.97875 1.56224
274 0.000454529 0.000465697 0.00016167 6.19808e-06 7.97875 1.56224
275 0.000552109 0.000229747 0.00016167 6.19808e-06 7.97875 1.56224
276 0.000358309 0.000303917 0.00016167 6.19808e-06 7.97875 1.56224
277 0.000409683 0.000521379 0.00016167 6.19808e-06 7.97875 1.56224
278 0.00058074 0.00040433 0.00016167 6.19808e-06 7.97875 1.56224
279 0.000575419 0.000602867 0.00016167 6.19808e-06 7.97875 1.56224
280 0.000563361 0.000514231 0.00016167 6.19808e-06 7.97875 1.56224
281 0.000503571 0.000519161 0.00016167 6.19808e-06 7.97875 1.56224
282 0.00074535 0.000269166 0.00016167 6.19808e-06 7.97875 1.56224
283 0.000569609 0.000782518 0.00016167 6.19808e-06 7.97875 1.56224
284 0.000704645 0.00114422 0.00016167 6.19808e-06 7.97875 1.56224
285 0.000460423 0.0020967 0.00016167 6.19808e-06 7.97875 1.56224
286 0.00214701 0.000280728 0.00016167 6.19808e-06 7.97875 1.56224
287 0.00191937 0.00328861 0.00016167 6.19808e-06 7.97875 1.56224
288 0.00686497 0.0108654 0.00016167 6.19808e-06 7.97875 1.56224
289 0.0131316 0.0305981 0.00016167 6.19808e-06 7.97875 1.56224
290 0.0126568 0.000871555 0.00016167 6.19808e-06 7.97875 1.56224
291 0.00248637 0.00287902 0.00016167 6.19808e-06 7.97875 1.56224
292 0.00403347 0.0127243 0.00016167 6.19808e-06 7.97875 1.56224
293 0.0120004 0.0246907 0.00016167 6.19808e-06 7.97875 1.56224
294 0.00842441 0.00134511 0.00016167 6.19808e-06 7.97875 1.56224
295 0.00169604 0.00742549 0.00016167 6.19808e-06 7.97875 1.56224
296 0.00641976 0.00245931 0.00016167 6.19808e-06 7.97875 1.56224
297 0.0113751 0.0290403 0.00016167 6.19808e-06 7.97875 1.56224
298 0.00812834 0.0016957 0.00016167 6.19808e-06 7.97875 1.56224
299 0.00119582 0.00341529 0.00016167 6.19808e-06 7.97875 1.56224
300 0.0014792 0.000445931 0.00016167 6.19808e-06 7.97875 1.56224
301 0.00278695 0.0147974 0.00016167 6.19808e-06 7.97875 1.56224
302 0.0129028 0.00685085 0.00016167 6.19808e-06 7.97875 1.56224
303 0.00197422 0.0018939 0.00016167 6.19808e-06 7.97875 1.56224
304 0.00560273 0.00990492 0.00016167 6.19808e-06 7.97875 1.56224
305 0.0569515 0.0173049 0.00016167 6.19808e-06 7.97875 1.56224
306 0.0204174 0.00332692 0.00016167 6.19808e-06 7.97875 1.56224
307 0.00078349 0.000264802 0.00016167 6.19808e-06 7.97875 1.56224
308 0.000620009 0.000945929 0.00016167 6.19808e-06 7.97875 1.56224
309 0.000714397 0.000162065 0.00016167 6.19808e-06 7.97875 1.56224
310 0.000545032 0.00100538 0.00016167 6.19808e-06 7.97875 1.56224
311 0.0021503 0.00436853 0.00016167 6.19808e-06 7.97875 1.56224
312 0.00324214 0.00461158 0.00016167 6.19808e-06 7.97875 1.56224
313 0.00295135 0.00816548 0.00016167 6.19808e-06 7.97875 1.56224
314 0.0139355 0.000516906 0.00016167 6.19808e-06 7.97875 1.56224
315 0.00102993 0.0013353 0.00016167 6.19808e-06 7.97875 1.56224
316 0.0011927 0.000295367 0.00016167 6.19808e-06 7.97875 1.56224
317 0.00237514 0.00262464 0.00016167 6.19808e-06 7.97875 1.56224
318 0.0122752 0.0106737 0.00016167 6.19808e-06 7.97875 1.56224
319 0.0234055 0.0102309 0.00016167 6.19808e-06 7.97875 1.56224
320 0.0113112 0.00465338 0.00016167 6.19808e-06 7.97875 1.56224
321 0.00221553 0.00132576 0.00016167 6.19808e-06 7.97875 1.56224
322 0.00268486 0.00179744 0.00016167 6.19808e-06 7.97875 1.56224
323 0.00131165 0.00279631 0.00016167 6.19808e-06 7.97875 1.56224
324 0.00726828 0.000599368 0.00016167 6.19808e-06 7.97875 1.56224
325 0.0100939 0.0201209 0.00016167 6.19808e-06 7.97875 1.56224
326 0.00874811 0.0012503 0.00016167 6.19808e-06 7.97875 1.56224
327 0.000802709 0.0067892 0.00016167 6.19808e-06 7.97875 1.56224
328 0.0115223 0.003282 0.00016167 6.19808e-06 7.97875 1.56224
329 0.00265111 0.000258567 0.00016167 6.19808e-06 7.97875 1.56224
330 0.00260972 0.000559332 0.00016167 6.19808e-06 7.97875 1.56224
331 0.00716634 0.00621443 0.00016167 6.19808e-06 7.97875 1.56224
332 0.0349443 0.00647922 0.00016167 6.19808e-06 7.97875 1.56224
333 0.00667219 0.0066559 0.00016167 6.19808e-06 7.97875 1.56224
334 0.00537716 0.00107445 0.00016167 6.19808e-06 7.97875 1.56224
335 0.00261448 0.000355028 0.00016167 6.19808e-06 7.97875 1.56224
336 0.0028335 0.000319536 0.00016167 6.19808e-06 7.97875 1.56224
337 0.000887937 0.000909777 0.00016167 6.19808e-06 7.97875 1.56224
338 0.00305013 0.00062844 0.00016167 6.19808e-06 7.97875 1.56224
339 0.00330915 0.000700105 0.00016167 6.19808e-06 7.97875 1.56224
340 0.00882612 0.146624 0.00016167 6.19808e-06 7.97875 1.56224
341 0.117942 0.0103483 0.00016167 6.19808e-06 7.97875 1.56224
342 0.00304926 0.000397254 0.00016167 6.19808e-06 7.97875 1.56224
343 0.00046188 0.000715427 0.00016167 6.19808e-06 7.97875 1.56224
344 0.00128214 0.0005312 0.00016167 6.19808e-06 7.97875 1.56224
345 0.00054724 0.000236337 0.00016167 6.19808e-06 7.97875 1.56224
346 0.000759143 0.000745319 0.00016167 6.19808e-06 7.97875 1.56224
347 0.000527151 0.000665437 0.00016167 6.19808e-06 7.97875 1.56224
348 0.000704414 0.000285823 0.00016167 6.19808e-06 7.97875 1.56224
349 0.00267416 0.0110514 0.00016167 6.19808e-06 7.97875 1.56224
350 0.00990707 0.000917309 0.00016167 6.19808e-06 7.97875 1.56224
351 0.0100603 0.00934914 0.00016167 6.19808e-06 7.97875 1.56224
352 0.00344233 0.00154198 0.00016167 6.19808e-06 7.97875 1.56224
353 0.00481848 0.00244107 0.00016167 6.19808e-06 7.97875 1.56224
354 0.0038062 0.000344144 0.00016167 6.19808e-06 7.97875 1.56224
355 0.000559297 0.000311837 0.00016167 6.19808e-06 7.97875 1.56224
356 0.000478079 0.000577706 0.00016167 6.19808e-06 7.97875 1.56224
357 0.00229095 0.000356318 0.00016167 6.19808e-06 7.97875 1.56224
358 0.0101136 0.000406901 0.00016167 6.19808e-06 7.97875 1.56224
359 0.00286473 0.00514588 0.00016167 6.19808e-06 7.97875 1.56224
360 0.00447168 0.0123293 0.00016167 6.19808e-06 7.97875 1.56224
361 0.0100645 0.000283712 0.00016167 6.19808e-06 7.97875 1.56224
362 0.0011763 0.00106489 0.00016167 6.19808e-06 7.97875 1.56224
363 0.00301017 0.00662118 0.00016167 6.19808e-06 7.97875 1.56224
364 0.0399224 0.0595556 0.00016167 6.19808e-06 7.97875 1.56224
365 0.0274372 0.0278361 0.00016167 6.19808e-06 7.97875 1.56224
366 0.00717075 0.00270738 0.00016167 6.19808e-06 7.97875 1.56224
367 0.00129141 0.00727935 0.00016167 6.19808e-06 7.97875 1.56224
368 0.00110119 0.000346761 0.00016167 6.19808e-06 7.97875 1.56224
369 0.000361713 0.000302605 0.00016167 6.19808e-06 7.97875 1.56224
370 0.000361245 0.000221425 0.00016167 6.19808e-06 7.97875 1.56224
371 0.000357742 0.000229502 0.00016167 6.19808e-06 7.97875 1.56224
372 0.000410857 0.000192369 0.00016167 6.19808e-06 7.97875 1.56224
373 0.000328368 0.000271517 0.00016167 6.19808e-06 7.97875 1.56224
374 0.000439552 0.000261831 0.00016167 6.19808e-06 7.97875 1.56224
375 0.000352147 0.00024098 0.00016167 6.19808e-06 7.97875 1.56224
376 0.000377771 0.000244318 0.00016167 6.19808e-06 7.97875 1.56224
377 0.000348191 0.000205087 0.00016167 6.19808e-06 7.97875 1.56224
378 0.000366506 0.000228355 0.00016167 6.19808e-06 7.97875 1.56224
379 0.000385505 0.000262534 0.00016167 6.19808e-06 7.97875 1.56224
380 0.000391529 0.000247588 0.00016167 6.19808e-06 7.97875 1.56224
381 0.000357646 0.000257182 0.00016167 6.19808e-06 7.97875 1.56224
382 0.000367026 0.000387095 0.00016167 6.19808e-06 7.97875 1.56224
383 0.000428261 0.000304173 0.00016167 6.19808e-06 7.97875 1.56224
384 0.000379583 0.000280789 0.00016167 6.19808e-06 7.97875 1.56224
385 0.000439014 0.000299444 0.00016167 6.19808e-06 7.97875 1.56224
386 0.000368413 0.000319522 0.00016167 6.19808e-06 7.97875 1.56224
387 0.000358942 0.00025958 0.00016167 6.19808e-06 7.97875 1.56224
388 0.000536999 0.00108722 0.00016167 6.19808e-06 7.97875 1.56224
389 0.000422007 0.000372059 0.00016167 6.19808e-06 7.97875 1.56224
390 0.000390329 0.000324096 0.00016167 6.19808e-06 7.97875 1.56224
391 0.000388786 0.000441397 0.00016167 6.19808e-06 7.97875 1.56224
392 0.00042463 0.000201362 0.00016167 6.19808e-06 7.97875 1.56224
393 0.000864145 0.000216003 0.00016167 6.19808e-06 7.97875 1.56224
394 0.000858866 0.000421431 0.00016167 6.19808e-06 7.97875 1.56224
395 0.00113646 0.000627576 0.00016167 6.19808e-06 7.97875 1.56224
396 0.000807697 0.000904084 0.00016167 6.19808e-06 7.97875 1.56224
397 0.000778365 0.00222053 0.00016167 6.19808e-06 7.97875 1.56224
398 0.000834977 0.00039072 0.00016167 6.19808e-06 7.97875 1.56224
399 0.000551425 0.000227432 0.00016167 6.19808e-06 7.97875 1.56224
400 0.00075351 0.000755154 0.00016167 6.19808e-06 7.97875 1.56224
401 0.00223659 0.00610978 0.00016167 6.19808e-06 7.97875 1.56224
402 0.00122671 0.000287849 0.00016167 6.19808e-06 7.97875 1.56224
403 0.000689837 0.000549752 0.00016167 6.19808e-06 7.97875 1.56224
404 0.000941485 0.00031851 0.00016167 6.19808e-06 7.97875 1.56224
405 0.00141816 0.00367253 0.00016167 6.19808e-06 7.97875 1.56224
406 0.00387599 0.0042452 0.00016167 6.19808e-06 7.97875 1.56224
407 0.001779 0.000990379 0.00016167 6.19808e-06 7.97875 1.56224
408 0.00204608 0.000391272 0.00016167 6.19808e-06 7.97875 1.56224
409 0.000937848 0.00176076 0.00016167 6.19808e-06 7.97875 1.56224
410 0.00109022 0.000699721 0.00016167 6.19808e-06 7.97875 1.56224
411 0.00122534 0.0021813 0.00016167 6.19808e-06 7.97875 1.56224
412 0.00365125 0.000611124 0.00016167 6.19808e-06 7.97875 1.56224
413 0.000798015 0.000482057 0.00016167 6.19808e-06 7.97875 1.56224
414 0.000780893 0.000784092 0.00016167 6.19808e-06 7.97875 1.56224
415 0.000867332 0.000570282 0.00016167 6.19808e-06 7.97875 1.56224
416 0.00579102 0.000292255 0.00016167 6.19808e-06 7.97875 1.56224
417 0.00165278 0.00179352 0.00016167 6.19808e-06 7.97875 1.56224
418 0.00294717 0.00304322 0.00016167 6.19808e-06 7.97875 1.56224
419 0.00134748 0.00314392 0.00016167 6.19808e-06 7.97875 1.56224
420 0.00192619 0.00024858 0.00016167 6.19808e-06 7.97875 1.56224
421 0.00698673 0.00118466 0.00016167 6.19808e-06 7.97875 1.56224
422 0.00267401 0.00167536 0.00016167 6.19808e-06 7.97875 1.56224
423 0.00107813 0.000215947 0.00016167 6.19808e-06 7.97875 1.56224
424 0.000578274 0.000173613 0.00016167 6.19808e-06 7.97875 1.56224
425 0.000847146 0.000226292 0.00016167 6.19808e-06 7.97875 1.56224
426 0.00257529 0.0103188 0.00016167 6.19808e-06 7.97875 1.56224
427 0.00353653 0.00131821 0.00016167 6.19808e-06 7.97875 1.56224
428 0.00154167 0.000305739 0.00016167 6.19808e-06 7.97875 1.56224
429 0.000829349 0.00117227 0.00016167 6.19808e-06 7.97875 1.56224
430 0.000853436 0.000529025 0.00016167 6.19808e-06 7.97875 1.56224
431 0.00539335 0.0108481 0.00016167 6.19808e-06 7.97875 1.56224
432 0.00424864 0.000579182 0.00016167 6.19808e-06 7.97875 1.56224
433 0.000517551 0.00065846 0.00016167 6.19808e-06 7.97875 1.56224
434 0.000536082 0.000289853 0.00016167 6.19808e-06 7.97875 1.56224
435 0.00169029 0.000465336 0.00016167 6.19808e-06 7.97875 1.56224
436 0.00169926 0.000602321 0.00016167 6.19808e-06 7.97875 1.56224
437 0.0011303 0.000607668 0.00016167 6.19808e-06 7.97875 1.56224
438 0.000805826 0.00240949 0.00016167 6.19808e-06 7.97875 1.56224
439 0.00378003 0.00743535 0.00016167 6.19808e-06 7.97875 1.56224
440 0.0015532 0.000172258 0.00016167 6.19808e-06 7.97875 1.56224
441 0.00134759 0.000230454 0.00016167 6.19808e-06 7.97875 1.56224
442 0.001821 0.0121898 0.00016167 6.19808e-06 7.97875 1.56224
443 0.00721328 0.00265664 0.00016167 6.19808e-06 7.97875 1.56224
444 0.00826185 0.00258603 0.00016167 6.19808e-06 7.97875 1.56224
445 0.00339608 0.00362977 0.00016167 6.19808e-06 7.97875 1.56224
446 0.00110068 0.00163429 0.00016167 6.19808e-06 7.97875 1.56224
447 0.000987601 0.000296877 0.00016167 6.19808e-06 7.97875 1.56224
448 0.000969669 0.00109742 0.00016167 6.19808e-06 7.97875 1.56224
449 0.00084766 0.000477581 0.00016167 6.19808e-06 7.97875 1.56224
450 0.000541328 0.00145844 0.00016167 6.19808e-06 7.97875 1.56224
451 0.00216835 0.000970807 0.00016167 6.19808e-06 7.97875 1.56224
452 0.000966935 0.000762913 0.00016167 6.19808e-06 7.97875 1.56224
453 0.000918035 0.00123447 0.00016167 6.19808e-06 7.97875 1.56224
454 0.000934555 0.000662716 0.00016167 6.19808e-06 7.97875 1.56224
455 0.00423249 0.00272357 0.00016167 6.19808e-06 7.97875 1.56224
456 0.00217942 0.00310122 0.00016167 6.19808e-06 7.97875 1.56224
457 0.00503094 0.000511827 0.00016167 6.19808e-06 7.97875 1.56224
458 0.00328069 0.00307478 0.00016167 6.19808e-06 7.97875 1.56224
459 0.00206647 0.000214377 0.00016167 6.19808e-06 7.97875 1.56224
460 0.00110211 0.000816578 0.00016167 6.19808e-06 7.97875 1.56224
461 0.000729622 0.000322343 0.00016167 6.19808e-06 7.97875 1.56224
462 0.00193088 0.000223834 0.00016167 6.19808e-06 7.97875 1.56224
463 0.000534625 0.000816536 0.00016167 6.19808e-06 7.97875 1.56224
464 0.00125024 0.000650858 0.00016167 6.19808e-06 7.97875 1.56224
465 0.00262354 0.00374568 0.00016167 6.19808e-06 7.97875 1.56224
466 0.00163858 0.0111887 0.00016167 6.19808e-06 7.97875 1.56224
467 0.00574079 0.00378562 0.00016167 6.19808e-06 7.97875 1.56224
468 0.000681881 0.000294384 0.00016167 6.19808e-06 7.97875 1.56224
469 0.00036077 0.000276511 0.00016167 6.19808e-06 7.97875 1.56224
470 0.000341034 0.000222943 0.00016167 6.19808e-06 7.97875 1.56224
471 0.000353151 0.000265627 0.00016167 6.19808e-06 7.97875 1.56224
472 0.000455801 0.000258771 0.00016167 6.19808e-06 7.97875 1.56224
473 0.000372843 0.000616417 0.00016167 6.19808e-06 7.97875 1.56224
474 0.000364845 0.000285613 0.00016167 6.19808e-06 7.97875 1.56224
475 0.000330903 0.000259391 0.00016167 6.19808e-06 7.97875 1.56224
476 0.000321012 0.000274414 0.00016167 6.19808e-06 7.97875 1.56224
477 0.00038702 0.000323548 0.00016167 6.19808e-06 7.97875 1.56224
478 0.000515667 0.000373749 0.00016167 6.19808e-06 7.97875 1.56224
479 0.000338625 0.000418867 0.00016167 6.19808e-06 7.97875 1.56224
480 0.000382279 0.000273123 0.00016167 6.19808e-06 7.97875 1.56224
481 0.000521914 0.000206333 0.00016167 6.19808e-06 7.97875 1.56224
482 0.00044251 0.000498794 0.00016167 6.19808e-06 7.97875 1.56224
483 0.000438243 0.000290361 0.00016167 6.19808e-06 7.97875 1.56224
484 0.000436816 0.000339375 0.00016167 6.19808e-06 7.97875 1.56224
485 0.000402409 0.000189925 0.00016167 6.19808e-06 7.97875 1.56224
486 0.000410758 0.000198205 0.00016167 6.19808e-06 7.97875 1.56224
487 0.000439418 0.000247067 0.00016167 6.19808e-06 7.97875 1.56224
488 0.000329563 0.000254042 0.00016167 6.19808e-06 7.97875 1.56224
489 0.000399104 0.00022852 0.00016167 6.19808e-06 7.97875 1.56224
490 0.000325931 0.000225932 0.00016167 6.19808e-06 7.97875 1.56224
491 0.000427025 0.000237233 0.00016167 6.19808e-06 7.97875 1.56224
492 0.000453032 0.000398841 0.00016167 6.19808e-06 7.97875 1.56224
493 0.000514541 0.000378073 0.00016167 6.19808e-06 7.97875 1.56224
494 0.000562212 0.000234409 0.00016167 6.19808e-06 7.97875 1.56224
495 0.000461095 0.000228783 0.00016167 6.19808e-06 7.97875 1.56224
496 0.000378869 0.000393267 0.00016167 6.19808e-06 7.97875 1.56224
497 0.000725197 0.000388823 0.00016167 6.19808e-06 7.97875 1.56224
498 0.000415355 0.000318684 0.00016167 6.19808e-06 7.97875 1.56224
499 0.00082991 0.000546611 0.00016167 6.19808e-06 7.97875 1.56224
500 0.000605209 0.00135963 0.00016167 6.19808e-06 7.97875 1.56224
501 0.000559101 0.00131626 0.00016167 6.19808e-06 7.97875 1.56224
502 0.00129075 0.000404344 0.00016167 6.19808e-06 7.97875 1.56224
503 0.000407576 0.000891995 0.00016167 6.19808e-06 7.97875 1.56224
504 0.000612498 0.000257801 0.00016167 6.19808e-06 7.97875 1.56224
505 0.000500591 0.000218546 0.00016167 6.19808e-06 7.97875 1.56224
506 0.000595072 0.000147471 0.00016167 6.19808e-06 7.97875 1.56224
507 0.00104553 0.000255024 0.000147471 5.28605e-06 7.62032 1.44273
508 0.000734516 0.00112827 0.000147471 5.28605e-06 7.62032 1.44273
509 0.000964227 0.000523113 0.000147471 5.28605e-06 7.62032 1.44273
510 0.00101415 0.00120036 0.000147471 5.28605e-06 7.62032 1.44273
511 0.000555688 0.000381035 0.000147471 5.28605e-06 7.62032 1.44273
512 0.00112457 0.000951082 0.000147471 5.28605e-06 7.62032 1.44273
513 0.000816061 0.000530429 0.000147471 5.28605e-06 7.62032 1.44273
514 0.000539057 0.000684085 0.000147471 5.28605e-06 7.62032 1.44273
515 0.000586972 0.000222322 0.000147471 5.28605e-06 7.62032 1.44273
516 0.000871272 0.000234425 0.000147471 5.28605e-06 7.62032 1.44273
517 0.00445103 0.000949431 0.000147471 5.28605e-06 7.62032 1.44273
518 0.00231138 0.000850037 0.000147471 5.28605e-06 7.62032 1.44273
519 0.000454478 0.000272495 0.000147471 5.28605e-06 7.62032 1.44273
520 0.00041603 0.000272308 0.000147471 5.28605e-06 7.62032 1.44273
521 0.000401733 0.000562373 0.000147471 5.28605e-06 7.62032 1.44273
522 0.00048794 0.000217463 0.000147471 5.28605e-06 7.62032 1.44273
523 0.000410389 0.000302024 0.000147471 5.28605e-06 7.62032 1.44273
524 0.000466883 0.000584026 0.000147471 5.28605e-06 7.62032 1.44273
525 0.000440599 0.000207777 0.000147471 5.28605e-06 7.62032 1.44273
526 0.00118359 0.000356036 0.000147471 5.28605e-06 7.62032 1.44273
527 0.00065474 0.000237811 0.000147471 5.28605e-06 7.62032 1.44273
528 0.000880917 0.00271398 0.000147471 5.28605e-06 7.62032 1.44273
529 0.000727622 0.000299015 0.000147471 5.28605e-06 7.62032 1.44273
530 0.000445061 0.000214428 0.000147471 5.28605e-06 7.62032 1.44273
531 0.000673692 0.00127705 0.000147471 5.28605e-06 7.62032 1.44273
532 0.00054786 0.000688253 0.000147471 5.28605e-06 7.62032 1.44273
533 0.000806559 0.000409376 0.000147471 5.28605e-06 7.62032 1.44273
534 0.000447705 0.000228133 0.000147471 5.28605e-06 7.62032 1.44273
535 0.000753196 0.000295601 0.000147471 5.28605e-06 7.62032 1.44273
536 0.000933422 0.000691443 0.000147471 5.28605e-06 7.62032 1.44273
537 0.000476741 0.00124075 0.000147471 5.28605e-06 7.62032 1.44273
538 0.000564007 0.000372492 0.000147471 5.28605e-06 7.62032 1.44273
539 0.000833942 0.00537734 0.000147471 5.28605e-06 7.62032 1.44273
540 0.0012038 0.000322823 0.000147471 5.28605e-06 7.62032 1.44273
541 0.000743581 0.000247277 0.000147471 5.28605e-06 7.62032 1.44273
542 0.00418074 0.00173242 0.000147471 5.28605e-06 7.62032 1.44273
543 0.000779247 0.000242859 0.000147471 5.28605e-06 7.62032 1.44273
544 0.000380948 0.000238466 0.000147471 5.28605e-06 7.62032 1.44273
545 0.000564314 0.000261035 0.000147471 5.28605e-06 7.62032 1.44273
546 0.000390587 0.000258474 0.000147471 5.28605e-06 7.62032 1.44273
547 0.000844472 0.0020294 0.000147471 5.28605e-06 7.62032 1.44273
548 0.000643733 0.000665253 0.000147471 5.28605e-06 7.62032 1.44273
549 0.000892352 0.00136137 0.000147471 5.28605e-06 7.62032 1.44273
550 0.00177067 0.000826277 0.000147471 5.28605e-06 7.62032 1.44273
551 0.000390891 0.000339047 0.000147471 5.28605e-06 7.62032 1.44273
552 0.000552419 0.000145121 0.000147471 5.28605e-06 7.62032 1.44273
553 0.000571562 0.000614929 0.000145121 5.30156e-06 7.55937 1.44485
554 0.00125172 0.000470139 0.000145121 5.30156e-06 7.55937 1.44485
555 0.00136475 0.00181072 0.000145121 5.30156e-06 7.55937 1.44485
556 0.00062204 0.000723669 0.000145121 5.30156e-06 7.55937 1.44485
557 0.000675959 0.00163466 0.000145121 5.30156e-06 7.55937 1.44485
558 0.000461413 0.000247482 0.000145121 5.30156e-06 7.55937 1.44485
559 0.000464022 0.000196539 0.000145121 5.30156e-06 7.55937 1.44485
560 0.00103402 0.000247899 0.000145121 5.30156e-06 7.55937 1.44485
561 0.000809473 0.00214631 0.000145121 5.30156e-06 7.55937 1.44485
562 0.000674202 0.000266949 0.000145121 5.30156e-06 7.55937 1.44485
563 0.000400728 0.000540039 0.000145121 5.30156e-06 7.55937 1.44485
564 0.000758393 0.000527561 0.000145121 5.30156e-06 7.55937 1.44485
565 0.000541637 0.000264348 0.000145121 5.30156e-06 7.55937 1.44485
566 0.000775572 0.000294926 0.000145121 5.30156e-06 7.55937 1.44485
567 0.00222729 0.00212295 0.000145121 5.30156e-06 7.55937 1.44485
568 0.000786742 0.000192124 0.000145121 5.30156e-06 7.55937 1.44485
569 0.000684231 0.000269732 0.000145121 5.30156e-06 7.55937 1.44485
570 0.000619068 0.000392206 0.000145121 5.30156e-06 7.55937 1.44485
571 0.000978722 0.000799399 0.000145121 5.30156e-06 7.55937 1.44485
572 0.00081034 0.000245762 0.000145121 5.30156e-06 7.55937 1.44485
573 0.000501841 0.000304428 0.000145121 5.30156e-06 7.55937 1.44485
574 0.000701274 0.000161563 0.000145121 5.30156e-06 7.55937 1.44485
575 0.00162093 0.00244311 0.000145121 5.30156e-06 7.55937 1.44485
576 0.00187421 0.0002728 0.000145121 5.30156e-06 7.55937 1.44485
577 0.000551557 0.000499434 0.000145121 5.30156e-06 7.55937 1.44485
578 0.000796289 0.000530174 0.000145121 5.30156e-06 7.55937 1.44485
579 0.000861219 0.000223042 0.000145121 5.30156e-06 7.55937 1.44485
580 0.000584469 0.000431774 0.000145121 5.30156e-06 7.55937 1.44485
581 0.000655974 0.000377925 0.000145121 5.30156e-06 7.55937 1.44485
582 0.000514354 0.000210495 0.000145121 5.30156e-06 7.55937 1.44485
583 0.000586294 0.0003334 0.000145121 5.30156e-06 7.55937 1.44485
584 0.000527149 0.000531268 0.000145121 5.30156e-06 7.55937 1.44485
585 0.000694743 0.00117161 0.000145121 5.30156e-06 7.55937 1.44485
586 0.000555773 0.000306064 0.000145121 5.30156e-06 7.55937 1.44485
587 0.000604744 0.000564307 0.000145121 5.30156e-06 7.55937 1.44485
588 0.000578822 0.00252674 0.000145121 5.30156e-06 7.55937 1.44485
589 0.00097138 0.000590106 0.000145121 5.30156e-06 7.55937 1.44485
590 0.00176677 0.00361309 0.000145121 5.30156e-06 7.55937 1.44485
591 0.00202894 0.00978735 0.000145121 5.30156e-06 7.55937 1.44485
592 0.00189146 0.000346696 0.000145121 5.30156e-06 7.55937 1.44485
593 0.000377446 0.000504339 0.000145121 5.30156e-06 7.55937 1.44485
594 0.000456806 0.000215117 0.000145121 5.30156e-06 7.55937 1.44485
595 0.000603032 0.00052093 0.000145121 5.30156e-06 7.55937 1.44485
596 0.000734881 0.00160184 0.000145121 5.30156e-06 7.55937 1.44485
597 0.000643697 0.000975364 0.000145121 5.30156e-06 7.55937 1.44485
598 0.00061251 0.000401855 0.000145121 5.30156e-06 7.55937 1.44485
599 0.00163102 0.000935541 0.000145121 5.30156e-06 7.55937 1.44485
600 0.000793202 0.000414699 0.000145121 5.30156e-06 7.55937 1.44485
601 0.000389175 0.000188625 0.000145121 5.30156e-06 7.55937 1.44485
602 0.000396452 0.000462754 0.000145121 5.30156e-06 7.55937 1.44485
603 0.000955043 0.000340446 0.000145121 5.30156e-06 7.55937 1.44485
604 0.000519857 0.000261609 0.000145121 5.30156e-06 7.55937 1.44485
605 0.000617055 0.000208176 0.000145121 5.30156e-06 7.55937 1.44485
606 0.000524741 0.000340893 0.000145121 5.30156e-06 7.55937 1.44485
607 0.000640749 0.000270996 0.000145121 5.30156e-06 7.55937 1.44485
608 0.000702232 0.000585005 0.000145121 5.30156e-06 7.55937 1.44485
609 0.00113213 0.00554752 0.000145121 5.30156e-06 7.55937 1.44485
610 0.0016893 0.00037079 0.000145121 5.30156e-06 7.55937 1.44485
611 0.000430071 0.00020448 0.000145121 5.30156e-06 7.55937 1.44485
612 0.000406303 0.000383776 0.000145121 5.30156e-06 7.55937 1.44485
613 0.000718263 0.00017258 0.000145121 5.30156e-06 7.55937 1.44485
614 0.000413903 0.00033998 0.000145121 5.30156e-06 7.55937 1.44485
615 0.0014161 0.00119509 0.000145121 5.30156e-06 7.55937 1.44485
616 0.000516111 0.000204196 0.000145121 5.30156e-06 7.55937 1.44485
617 0.000655449 0.00188816 0.000145121 5.30156e-06 7.55937 1.44485
618 0.00088581 0.00027739 0.000145121 5.30156e-06 7.55937 1.44485
619 0.00100291 0.000168398 0.000145121 5.30156e-06 7.55937 1.44485
620 0.000609009 0.000821025 0.000145121 5.30156e-06 7.55937 1.44485
621 0.00122569 0.00124303 0.000145121 5.30156e-06 7.55937 1.44485
622 0.00154279 0.000634945 0.000145121 5.30156e-06 7.55937 1.44485
623 0.00059092 0.000159594 0.000145121 5.30156e-06 7.55937 1.44485
624 0.000673581 0.000342997 0.000145121 5.30156e-06 7.55937 1.44485
625 0.000546613 0.00044942 0.000145121 5.30156e-06 7.55937 1.44485
626 0.000362108 0.000243583 0.000145121 5.30156e-06 7.55937 1.44485
627 0.000829579 0.0040527 0.000145121 5.30156e-06 7.55937 1.44485
628 0.00237755 0.000708119 0.000145121 5.30156e-06 7.55937 1.44485
629 0.000630774 0.000220387 0.000145121 5.30156e-06 7.55937 1.44485
630 0.000392578 0.000538195 0.000145121 5.30156e-06 7.55937 1.44485
631 0.000374002 0.000244642 0.000145121 5.30156e-06 7.55937 1.44485
632 0.00051014 0.000910055 0.000145121 5.30156e-06 7.55937 1.44485
633 0.000931912 0.000867229 0.000145121 5.30156e-06 7.55937 1.44485
634 0.000785386 0.000330202 0.000145121 5.30156e-06 7.55937 1.44485
635 0.000550937 0.000580978 0.000145121 5.30156e-06 7.55937 1.44485
636 0.00144358 0.00183303 0.000145121 5.30156e-06 7.55937 1.44485
637 0.00122067 0.000577527 0.000145121 5.30156e-06 7.55937 1.44485
638 0.00133605 0.000679818 0.000145121 5.30156e-06 7.55937 1.44485
639 0.000460464 0.000399815 0.000145121 5.30156e-06 7.55937 1.44485
640 0.000611975 0.000265827 0.000145121 5.30156e-06 7.55937 1.44485
641 0.00180991 0.000373171 0.000145121 5.30156e-06 7.55937 1.44485
642 0.00325003 0.00224094 0.000145121 5.30156e-06 7.55937 1.44485
643 0.000745261 0.000471555 0.000145121 5.30156e-06 7.55937 1.44485
644 0.000371925 0.000218766 0.000145121 5.30156e-06 7.55937 1.44485
645 0.00085745 0.000245622 0.000145121 5.30156e-06 7.55937 1.44485
646 0.000446687 0.000257167 0.000145121 5.30156e-06 7.55937 1.44485
647 0.000402549 0.000249866 0.000145121 5.30156e-06 7.55937 1.44485
648 0.000366391 0.000707157 0.000145121 5.30156e-06 7.55937 1.44485
649 0.000514713 0.000410163 0.000145121 5.30156e-06 7.55937 1.44485
650 0.000878789 0.000285235 0.000145121 5.30156e-06 7.55937 1.44485
651 0.000562942 0.00385279 0.000145121 5.30156e-06 7.55937 1.44485
652 0.000976281 0.00031009 0.000145121 5.30156e-06 7.55937 1.44485
653 0.000347484 0.000273717 0.000145121 5.30156e-06 7.55937 1.44485
654 0.000328308 0.000231313 0.000145121 5.30156e-06 7.55937 1.44485
655 0.000289525 0.000195223 0.000145121 5.30156e-06 7.55937 1.44485
656 0.000295255 0.000167023 0.000145121 5.30156e-06 7.55937 1.44485
657 0.000309809 0.000148684 0.000145121 5.30156e-06 7.55937 1.44485
658 0.000320451 0.000337614 0.000145121 5.30156e-06 7.55937 1.44485
659 0.000422121 0.000206963 0.000145121 5.30156e-06 7.55937 1.44485
660 0.00035415 0.000156961 0.000145121 5.30156e-06 7.55937 1.44485
661 0.000394736 0.000199182 0.000145121 5.30156e-06 7.55937 1.44485
662 0.000311761 0.000191823 0.000145121 5.30156e-06 7.55937 1.44485
663 0.000295034 0.000239773 0.000145121 5.30156e-06 7.55937 1.44485
664 0.000344082 0.000222393 0.000145121 5.30156e-06 7.55937 1.44485
665 0.000337072 0.000230234 0.000145121 5.30156e-06 7.55937 1.44485
666 0.000329945 0.000343539 0.000145121 5.30156e-06 7.55937 1.44485
667 0.000310377 0.000266344 0.000145121 5.30156e-06 7.55937 1.44485
668 0.000309008 0.000326672 0.000145121 5.30156e-06 7.55937 1.44485
669 0.000325343 0.000161692 0.000145121 5.30156e-06 7.55937 1.44485
670 0.000336601 0.000234077 0.000145121 5.30156e-06 7.55937 1.44485
671 0.000321001 0.000234102 0.000145121 5.30156e-06 7.55937 1.44485
672 0.000353402 0.000218846 0.000145121 5.30156e-06 7.55937 1.44485
673 0.00031046 0.000320284 0.000145121 5.30156e-06 7.55937 1.44485
674 0.000418578 0.000419171 0.000145121 5.30156e-06 7.55937 1.44485
675 0.000362287 0.000731235 0.000145121 5.30156e-06 7.55937 1.44485
676 0.000348771 0.000163398 0.000145121 5.30156e-06 7.55937 1.44485
677 0.000386726 0.000208579 0.000145121 5.30156e-06 7.55937 1.44485
678 0.000394442 0.000304413 0.000145121 5.30156e-06 7.55937 1.44485
679 0.000377051 0.000243146 0.000145121 5.30156e-06 7.55937 1.44485
680 0.000459445 0.000879471 0.000145121 5.30156e-06 7.55937 1.44485
681 0.000434877 0.000239339 0.000145121 5.30156e-06 7.55937 1.44485
682 0.000322283 0.000268476 0.000145121 5.30156e-06 7.55937 1.44485
683 0.00034202 0.000228514 0.000145121 5.30156e-06 7.55937 1.44485
684 0.000368174 0.00037207 0.000145121 5.30156e-06 7.55937 1.44485
685 0.000405212 0.000389024 0.000145121 5.30156e-06 7.55937 1.44485
686 0.00042348 0.000230728 0.000145121 5.30156e-06 7.55937 1.44485
687 0.000346108 0.000202188 0.000145121 5.30156e-06 7.55937 1.44485
688 0.000379732 0.000488613 0.000145121 5.30156e-06 7.55937 1.44485
689 0.000480368 0.000408593 0.000145121 5.30156e-06 7.55937 1.44485
690 0.000314129 0.000475847 0.000145121 5.30156e-06 7.55937 1.44485
691 0.000347998 0.000328806 0.000145121 5.30156e-06 7.55937 1.44485
692 0.000332756 0.00024229 0.000145121 5.30156e-06 7.55937 1.44485
693 0.000319548 0.00021312 0.000145121 5.30156e-06 7.55937 1.44485
694 0.000453698 0.000226677 0.000145121 5.30156e-06 7.55937 1.44485
695 0.000360388 0.000308178 0.000145121 5.30156e-06 7.55937 1.44485
696 0.000344641 0.000248194 0.000145121 5.30156e-06 7.55937 1.44485
697 0.000390427 0.000382246 0.000145121 5.30156e-06 7.55937 1.44485
698 0.000426693 0.000438 0.000145121 5.30156e-06 7.55937 1.44485
699 0.000542058 0.000260503 0.000145121 5.30156e-06 7.55937 1.44485
700 0.000491125 0.000447305 0.000145121 5.30156e-06 7.55937 1.44485
701 0.000520635 0.00023288 0.000145121 5.30156e-06 7.55937 1.44485
702 0.000338047 0.000292441 0.000145121 5.30156e-06 7.55937 1.44485
703 0.000350194 0.000621248 0.000145121 5.30156e-06 7.55937 1.44485
704 0.000544359 0.000267092 0.000145121 5.30156e-06 7.55937 1.44485
705 0.000376522 0.000282996 0.000145121 5.30156e-06 7.55937 1.44485
706 0.000747743 0.00152195 0.000145121 5.30156e-06 7.55937 1.44485
707 0.000533978 0.00116421 0.000145121 5.30156e-06 7.55937 1.44485
708 0.000383506 0.000413969 0.000145121 5.30156e-06 7.55937 1.44485
709 0.000631897 0.00268823 0.000145121 5.30156e-06 7.55937 1.44485
710 0.000883937 0.00027511 0.000145121 5.30156e-06 7.55937 1.44485
711 0.000561302 0.000184919 0.000145121 5.30156e-06 7.55937 1.44485
712 0.000431532 0.00115162 0.000145121 5.30156e-06 7.55937 1.44485
713 0.000409239 0.000152392 0.000145121 5.30156e-06 7.55937 1.44485
714 0.000332587 0.00032892 0.000145121 5.30156e-06 7.55937 1.44485
715 0.000330692 0.000256413 0.000145121 5.30156e-06 7.55937 1.44485
716 0.000344769 0.000287942 0.000145121 5.30156e-06 7.55937 1.44485
717 0.000579819 0.000463355 0.000145121 5.30156e-06 7.55937 1.44485
718 0.000389051 0.000302675 0.000145121 5.30156e-06 7.55937 1.44485
719 0.000479841 0.00031079 0.000145121 5.30156e-06 7.55937 1.44485
720 0.000455145 0.000298444 0.000145121 5.30156e-06 7.55937 1.44485
721 0.000443781 0.000210982 0.000145121 5.30156e-06 7.55937 1.44485
722 0.000531678 0.000844781 0.000145121 5.30156e-06 7.55937 1.44485
723 0.00056969 0.000446814 0.000145121 5.30156e-06 7.55937 1.44485
724 0.0004377 0.000224502 0.000145121 5.30156e-06 7.55937 1.44485
725 0.000558498 0.000443355 0.000145121 5.30156e-06 7.55937 1.44485
726 0.000407863 0.000381278 0.000145121 5.30156e-06 7.55937 1.44485
727 0.000410853 0.000227809 0.000145121 5.30156e-06 7.55937 1.44485
728 0.000421096 0.000230877 0.000145121 5.30156e-06 7.55937 1.44485
729 0.000441712 0.000221098 0.000145121 5.30156e-06 7.55937 1.44485
730 0.000345439 0.000288547 0.000145121 5.30156e-06 7.55937 1.44485
731 0.000773797 0.00037708 0.000145121 5.30156e-06 7.55937 1.44485
732 0.000468467 0.000200525 0.000145121 5.30156e-06 7.55937 1.44485
733 0.000651331 0.00117959 0.000145121 5.30156e-06 7.55937 1.44485
734 0.000360014 0.000253985 0.000145121 5.30156e-06 7.55937 1.44485
735 0.000499406 0.00021157 0.000145121 5.30156e-06 7.55937 1.44485
736 0.00029677 0.000254868 0.000145121 5.30156e-06 7.55937 1.44485
737 0.000477266 0.000549375 0.000145121 5.30156e-06 7.55937 1.44485
738 0.000800038 0.000256929 0.000145121 5.30156e-06 7.55937 1.44485
739 0.000511571 0.000437914 0.000145121 5.30156e-06 7.55937 1.44485
740 0.000410505 0.000407789 0.000145121 5.30156e-06 7.55937 1.44485
741 0.000418027 0.00025678 0.000145121 5.30156e-06 7.55937 1.44485
742 0.000425448 0.000256703 0.000145121 5.30156e-06 7.55937 1.44485
743 0.000404705 0.000182923 0.000145121 5.30156e-06 7.55937 1.44485
744 0.000362989 0.000211454 0.000145121 5.30156e-06 7.55937 1.44485
745 0.000317273 0.000185364 0.000145121 5.30156e-06 7.55937 1.44485
746 0.000602534 0.000230101 0.000145121 5.30156e-06 7.55937 1.44485
747 0.000636155 0.000241673 0.000145121 5.30156e-06 7.55937 1.44485
748 0.000410229 0.00039755 0.000145121 5.30156e-06 7.55937 1.44485
749 0.000406337 0.000164467 0.000145121 5.30156e-06 7.55937 1.44485
750 0.000357908 0.000200725 0.000145121 5.30156e-06 7.55937 1.44485
751 0.000500405 0.000213181 0.000145121 5.30156e-06 7.55937 1.44485
752 0.000438323 0.000211175 0.000145121 5.30156e-06 7.55937 1.44485
753 0.000311762 0.000213852 0.000145121 5.30156e-06 7.55937 1.44485
754 0.000306406 0.000356546 0.000145121 5.30156e-06 7.55937 1.44485
755 0.000289691 0.000182686 0.000145121 5.30156e-06 7.55937 1.44485
756 0.000285983 0.000195675 0.000145121 5.30156e-06 7.55937 1.44485
757 0.000276965 0.000205365 0.000145121 5.30156e-06 7.55937 1.44485
758 0.000302746 0.00021579 0.000145121 5.30156e-06 7.55937 1.44485
759 0.000301894 0.000213518 0.000145121 5.30156e-06 7.55937 1.44485
760 0.000275162 0.000239503 0.000145121 5.30156e-06 7.55937 1.44485
761 0.000281395 0.000229085 0.000145121 5.30156e-06 7.55937 1.44485
762 0.000293803 0.000232553 0.000145121 5.30156e-06 7.55937 1.44485
763 0.000280849 0.00031961 0.000145121 5.30156e-06 7.55937 1.44485
764 0.000293185 0.00021818 0.000145121 5.30156e-06 7.55937 1.44485
765 0.000300213 0.000167579 0.000145121 5.30156e-06 7.55937 1.44485
766 0.000297806 0.000183067 0.000145121 5.30156e-06 7.55937 1.44485
767 0.000304376 0.000195866 0.000145121 5.30156e-06 7.55937 1.44485
768 0.000326846 0.00029407 0.000145121 5.30156e-06 7.55937 1.44485
769 0.000291675 0.000172521 0.000145121 5.30156e-06 7.55937 1.44485
770 0.000290592 0.000424017 0.000145121 5.30156e-06 7.55937 1.44485
771 0.000296236 0.000171969 0.000145121 5.30156e-06 7.55937 1.44485
772 0.000305641 0.000322442 0.000145121 5.30156e-06 7.55937 1.44485
773 0.000292211 0.00016724 0.000145121 5.30156e-06 7.55937 1.44485
774 0.000333145 0.000202143 0.000145121 5.30156e-06 7.55937 1.44485
775 0.00030462 0.000223721 0.000145121 5.30156e-06 7.55937 1.44485
776 0.000309767 0.00029416 0.000145121 5.30156e-06 7.55937 1.44485
777 0.000354161 0.000210998 0.000145121 5.30156e-06 7.55937 1.44485
778 0.000287834 0.000162559 0.000145121 5.30156e-06 7.55937 1.44485
779 0.000334406 0.000228139 0.000145121 5.30156e-06 7.55937 1.44485
780 0.000335558 0.000182425 0.000145121 5.30156e-06 7.55937 1.44485
781 0.000334783 0.000170014 0.000145121 5.30156e-06 7.55937 1.44485
782 0.000306645 0.000228885 0.000145121 5.30156e-06 7.55937 1.44485
783 0.000324056 0.000269337 0.000145121 5.30156e-06 7.55937 1.44485
784 0.000336239 0.000247314 0.000145121 5.30156e-06 7.55937 1.44485
785 0.000313172 0.000208852 0.000145121 5.30156e-06 7.55937 1.44485
786 0.000323177 0.000236014 0.000145121 5.30156e-06 7.55937 1.44485
787 0.000303292 0.000175221 0.000145121 5.30156e-06 7.55937 1.44485
788 0.000289154 0.000222382 0.000145121 5.30156e-06 7.55937 1.44485
789 0.000396265 0.000512257 0.000145121 5.30156e-06 7.55937 1.44485
790 0.00033062 0.000215738 0.000145121 5.30156e-06 7.55937 1.44485
791 0.000343952 0.00028487 0.000145121 5.30156e-06 7.55937 1.44485
792 0.000300792 0.000157877 0.000145121 5.30156e-06 7.55937 1.44485
793 0.000284918 0.000285484 0.000145121 5.30156e-06 7.55937 1.44485
794 0.000356383 0.000211006 0.000145121 5.30156e-06 7.55937 1.44485
795 0.000331307 0.000256678 0.000145121 5.30156e-06 7.55937 1.44485
796 0.000302588 0.000297448 0.000145121 5.30156e-06 7.55937 1.44485
797 0.000384497 0.000680904 0.000145121 5.30156e-06 7.55937 1.44485
798 0.000309994 0.00016572 0.000145121 5.30156e-06 7.55937 1.44485
799 0.000328277 0.000163038 0.000145121 5.30156e-06 7.55937 1.44485
800 0.000320996 0.000167053 0.000145121 5.30156e-06 7.55937 1.44485
801 0.000360094 0.000214372 0.000145121 5.30156e-06 7.55937 1.44485
802 0.000417752 0.000218873 0.000145121 5.30156e-06 7.55937 1.44485
803 0.000333697 0.000230312 0.000145121 5.30156e-06 7.55937 1.44485
804 0.000506353 0.000242875 0.000145121 5.30156e-06 7.55937 1.44485
805 0.000480512 0.000490173 0.000145121 5.30156e-06 7.55937 1.44485
806 0.000369691 0.000243208 0.000145121 5.30156e-06 7.55937 1.44485
807 0.000321402 0.000185906 0.000145121 5.30156e-06 7.55937 1.44485
808 0.00032195 0.000238723 0.000145121 5.30156e-06 7.55937 1.44485
809 0.00029801 0.000193878 0.000145121 5.30156e-06 7.55937 1.44485
810 0.00030579 0.000179336 0.000145121 5.30156e-06 7.55937 1.44485
811 0.00030526 0.000201313 0.000145121 5.30156e-06 7.55937 1.44485
812 0.000345455 0.000218294 0.000145121 5.30156e-06 7.55937 1.44485
813 0.000347008 0.000205714 0.000145121 5.30156e-06 7.55937 1.44485
814 0.000310713 0.000183336 0.000145121 5.30156e-06 7.55937 1.44485
815 0.000327569 0.000687648 0.000145121 5.30156e-06 7.55937 1.44485
816 0.000502726 0.000181388 0.000145121 5.30156e-06 7.55937 1.44485
817 0.000334336 0.000220055 0.000145121 5.30156e-06 7.55937 1.44485
818 0.00031583 0.000149862 0.000145121 5.30156e-06 7.55937 1.44485
819 0.000349874 0.000228433 0.000145121 5.30156e-06 7.55937 1.44485
820 0.000298496 0.000226673 0.000145121 5.30156e-06 7.55937 1.44485
821 0.00031552 0.000216377 0.000145121 5.30156e-06 7.55937 1.44485
822 0.000293086 0.000282168 0.000145121 5.30156e-06 7.55937 1.44485
823 0.000324499 0.000274372 0.000145121 5.30156e-06 7.55937 1.44485
824 0.00040222 0.00052781 0.000145121 5.30156e-06 7.55937 1.44485
825 0.000354357 0.000407576 0.000145121 5.30156e-06 7.55937 1.44485
826 0.000386247 0.000189604 0.000145121 5.30156e-06 7.55937 1.44485
827 0.000289791 0.000166403 0.000145121 5.30156e-06 7.55937 1.44485
828 0.000295306 0.000202976 0.000145121 5.30156e-06 7.55937 1.44485
829 0.000306192 0.000179137 0.000145121 5.30156e-06 7.55937 1.44485
830 0.000346281 0.000258845 0.000145121 5.30156e-06 7.55937 1.44485
831 0.000303133 0.000214407 0.000145121 5.30156e-06 7.55937 1.44485
832 0.000324765 0.000212523 0.000145121 5.30156e-06 7.55937 1.44485
833 0.000339647 0.000328359 0.000145121 5.30156e-06 7.55937 1.44485
834 0.000340245 0.000388876 0.000145121 5.30156e-06 7.55937 1.44485
835 0.000366383 0.000195294 0.000145121 5.30156e-06 7.55937 1.44485
836 0.000329388 0.000184289 0.000145121 5.30156e-06 7.55937 1.44485
837 0.000299424 0.00017851 0.000145121 5.30156e-06 7.55937 1.44485
838 0.000310531 0.000403739 0.000145121 5.30156e-06 7.55937 1.44485
839 0.000343391 0.000204073 0.000145121 5.30156e-06 7.55937 1.44485
840 0.000288948 0.000171474 0.000145121 5.30156e-06 7.55937 1.44485
841 0.000275975 0.000237204 0.000145121 5.30156e-06 7.55937 1.44485
842 0.000346017 0.000380772 0.000145121 5.30156e-06 7.55937 1.44485
843 0.000347791 0.000306847 0.000145121 5.30156e-06 7.55937 1.44485
844 0.00037166 0.000264934 0.000145121 5.30156e-06 7.55937 1.44485
845 0.000355478 0.000262542 0.000145121 5.30156e-06 7.55937 1.44485
846 0.000459195 0.000614917 0.000145121 5.30156e-06 7.55937 1.44485
847 0.000378854 0.00022048 0.000145121 5.30156e-06 7.55937 1.44485
848 0.000285008 0.000358172 0.000145121 5.30156e-06 7.55937 1.44485
849 0.000430948 0.000189976 0.000145121 5.30156e-06 7.55937 1.44485
850 0.000288874 0.000178776 0.000145121 5.30156e-06 7.55937 1.44485
851 0.000321812 0.000243914 0.000145121 5.30156e-06 7.55937 1.44485
852 0.000332803 0.0001882 0.000145121 5.30156e-06 7.55937 1.44485
853 0.000286238 0.00022961 0.000145121 5.30156e-06 7.55937 1.44485
854 0.000274543 0.00021389 0.000145121 5.30156e-06 7.55937 1.44485
855 0.000276635 0.000169038 0.000145121 5.30156e-06 7.55937 1.44485
856 0.000278396 0.000197527 0.000145121 5.30156e-06 7.55937 1.44485
857 0.000268894 0.000228906 0.000145121 5.30156e-06 7.55937 1.44485
858 0.000323462 0.000173647 0.000145121 5.30156e-06 7.55937 1.44485
859 0.000266116 0.000213027 0.000145121 5.30156e-06 7.55937 1.44485
860 0.000279562 0.000185011 0.000145121 5.30156e-06 7.55937 1.44485
861 0.000246161 0.000231039 0.000145121 5.30156e-06 7.55937 1.44485
862 0.000285555 0.000188559 0.000145121 5.30156e-06 7.55937 1.44485
863 0.000281448 0.000166546 0.000145121 5.30156e-06 7.55937 1.44485
864 0.000282684 0.000183573 0.000145121 5.30156e-06 7.55937 1.44485
865 0.000292589 0.000201821 0.000145121 5.30156e-06 7.55937 1.44485
866 0.000279116 0.000175864 0.000145121 5.30156e-06 7.55937 1.44485
867 0.000274047 0.000176431 0.000145121 5.30156e-06 7.55937 1.44485
868 0.000283773 0.000264506 0.000145121 5.30156e-06 7.55937 1.44485
869 0.000285408 0.000206151 0.000145121 5.30156e-06 7.55937 1.44485
870 0.000283786 0.000199811 0.000145121 5.30156e-06 7.55937 1.44485
871 0.000287119 0.000214974 0.000145121 5.30156e-06 7.55937 1.44485
872 0.00028681 0.000207074 0.000145121 5.30156e-06 7.55937 1.44485
873 0.000284186 0.000194126 0.000145121 5.30156e-06 7.55937 1.44485
874 0.000279362 0.000177368 0.000145121 5.30156e-06 7.55937 1.44485
875 0.000269618 0.000188913 0.000145121 5.30156e-06 7.55937 1.44485
876 0.000295903 0.000186825 0.000145121 5.30156e-06 7.55937 1.44485
877 0.000304834 0.000233075 0.000145121 5.30156e-06 7.55937 1.44485
878 0.000371804 0.000253546 0.000145121 5.30156e-06 7.55937 1.44485
879 0.000345238 0.000153152 0.000145121 5.30156e-06 7.55937 1.44485
880 0.000279329 0.000192839 0.000145121 5.30156e-06 7.55937 1.44485
881 0.000281349 0.000162095 0.000145121 5.30156e-06 7.55937 1.44485
882 0.000310719 0.000332029 0.000145121 5.30156e-06 7.55937 1.44485
883 0.000334023 0.000198959 0.000145121 5.30156e-06 7.55937 1.44485
884 0.000289289 0.000166236 0.000145121 5.30156e-06 7.55937 1.44485
885 0.000281332 0.000225745 0.000145121 5.30156e-06 7.55937 1.44485
886 0.000287555 0.000210518 0.000145121 5.30156e-06 7.55937 1.44485
887 0.000289499 0.000185216 0.000145121 5.30156e-06 7.55937 1.44485
888 0.000346775 0.000225667 0.000145121 5.30156e-06 7.55937 1.44485
889 0.00028376 0.000198167 0.000145121 5.30156e-06 7.55937 1.44485
890 0.000273972 0.000193864 0.000145121 5.30156e-06 7.55937 1.44485
891 0.000268419 0.000163943 0.000145121 5.30156e-06 7.55937 1.44485
892 0.000277979 0.000215419 0.000145121 5.30156e-06 7.55937 1.44485
893 0.000289825 0.000175816 0.000145121 5.30156e-06 7.55937 1.44485
894 0.000287609 0.000175203 0.000145121 5.30156e-06 7.55937 1.44485
895 0.000286833 0.000245706 0.000145121 5.30156e-06 7.55937 1.44485
896 0.000281609 0.000250892 0.000145121 5.30156e-06 7.55937 1.44485
897 0.000294617 0.000293024 0.000145121 5.30156e-06 7.55937 1.44485
898 0.000284756 0.000239529 0.000145121 5.30156e-06 7.55937 1.44485
899 0.000279033 0.000177016 0.000145121 5.30156e-06 7.55937 1.44485
900 0.000333128 0.000187045 0.000145121 5.30156e-06 7.55937 1.44485
901 0.000272717 0.000310543 0.000145121 5.30156e-06 7.55937 1.44485
902 0.000303051 0.000225377 0.000145121 5.30156e-06 7.55937 1.44485
903 0.000288132 0.000194319 0.000145121 5.30156e-06 7.55937 1.44485
904 0.000274414 0.000216815 0.000145121 5.30156e-06 7.55937 1.44485
905 0.000293549 0.000154125 0.000145121 5.30156e-06 7.55937 1.44485
906 0.000275882 0.000190426 0.000145121 5.30156e-06 7.55937 1.44485
907 0.000274076 0.000268286 0.000145121 5.30156e-06 7.55937 1.44485
908 0.00029613 0.000204409 0.000145121 5.30156e-06 7.55937 1.44485
909 0.000286779 0.00019884 0.000145121 5.30156e-06 7.55937 1.44485
910 0.000276287 0.00019869 0.000145121 5.30156e-06 7.55937 1.44485
911 0.000280773 0.000217837 0.000145121 5.30156e-06 7.55937 1.44485
912 0.000291614 0.000192219 0.000145121 5.30156e-06 7.55937 1.44485
913 0.000274408 0.000201585 0.000145121 5.30156e-06 7.55937 1.44485
914 0.000275375 0.000184098 0.000145121 5.30156e-06 7.55937 1.44485
915 0.00027889 0.000177823 0.000145121 5.30156e-06 7.55937 1.44485
916 0.000294542 0.000163263 0.000145121 5.30156e-06 7.55937 1.44485
917 0.000279182 0.000154611 0.000145121 5.30156e-06 7.55937 1.44485
918 0.000286866 0.00021422 0.000145121 5.30156e-06 7.55937 1.44485
919 0.000276337 0.000185479 0.000145121 5.30156e-06 7.55937 1.44485
920 0.000314338 0.000213551 0.000145121 5.30156e-06 7.55937 1.44485
921 0.000297956 0.000204252 0.000145121 5.30156e-06 7.55937 1.44485
922 0.000288713 0.000162059 0.000145121 5.30156e-06 7.55937 1.44485
923 0.000314087 0.000220275 0.000145121 5.30156e-06 7.55937 1.44485
924 0.000354614 0.000231495 0.000145121 5.30156e-06 7.55937 1.44485
925 0.000319733 0.000255816 0.000145121 5.30156e-06 7.55937 1.44485
926 0.000284536 0.000205797 0.000145121 5.30156e-06 7.55937 1.44485
927 0.000280279 0.000192079 0.000145121 5.30156e-06 7.55937 1.44485
928 0.000277481 0.00021574 0.000145121 5.30156e-06 7.55937 1.44485
929 0.000282635 0.000204116 0.000145121 5.30156e-06 7.55937 1.44485
930 0.000305641 0.000224777 0.000145121 5.30156e-06 7.55937 1.44485
931 0.000288687 0.00021852 0.000145121 5.30156e-06 7.55937 1.44485
932 0.000289841 0.000235164 0.000145121 5.30156e-06 7.55937 1.44485
933 0.000326933 0.000171568 0.000145121 5.30156e-06 7.55937 1.44485
934 0.000275436 0.000301371 0.000145121 5.30156e-06 7.55937 1.44485
935 0.000297781 0.000191011 0.000145121 5.30156e-06 7.55937 1.44485
936 0.000270136 0.000192858 0.000145121 5.30156e-06 7.55937 1.44485
937 0.000280838 0.000183785 0.000145121 5.30156e-06 7.55937 1.44485
938 0.000271631 0.000201984 0.000145121 5.30156e-06 7.55937 1.44485
939 0.000288118 0.000280348 0.000145121 5.30156e-06 7.55937 1.44485
940 0.000348434 0.000166855 0.000145121 5.30156e-06 7.55937 1.44485
941 0.000314293 0.000180177 0.000145121 5.30156e-06 7.55937 1.44485
942 0.000322251 0.000208607 0.000145121 5.30156e-06 7.55937 1.44485
943 0.000276177 0.000205444 0.000145121 5.30156e-06 7.55937 1.44485
944 0.000338242 0.000217127 0.000145121 5.30156e-06 7.55937 1.44485
945 0.000279402 0.000211185 0.000145121 5.30156e-06 7.55937 1.44485
946 0.000293079 0.000183187 0.000145121 5.30156e-06 7.55937 1.44485
947 0.000280029 0.000185731 0.000145121 5.30156e-06 7.55937 1.44485
948 0.000285104 0.000181306 0.000145121 5.30156e-06 7.55937 1.44485
949 0.000268553 0.000159698 0.000145121 5.30156e-06 7.55937 1.44485
950 0.000269652 0.000166118 0.000145121 5.30156e-06 7.55937 1.44485
951 0.000266202 0.000200779 0.000145121 5.30156e-06 7.55937 1.44485
952 0.000291284 0.000202958 0.000145121 5.30156e-06 7.55937 1.44485
