1 77.8373 3.68644 1.79769e+308 1.79769e+308 inf inf
2 1.30184 0.664823 1.79769e+308 1.79769e+308 inf inf
3 0.381593 0.339996 0.664823 0.0133428 511.65 72.4842
4 0.244523 0.218478 0.339996 0.00828814 365.896 57.128
5 0.130141 0.126875 0.218478 0.00559872 293.308 46.9531
6 0.116115 0.100916 0.126875 0.00386417 223.516 39.0075
7 0.0818146 0.0657235 0.100916 0.00287255 199.342 33.6321
8 0.059841 0.102435 0.0657235 0.0022515 160.872 29.7753
9 0.0463112 0.0399508 0.0657235 0.0022515 160.872 29.7753
10 0.045452 0.0872153 0.0399508 0.00152962 125.425 24.5421
11 0.0335035 0.0283435 0.0399508 0.00152962 125.425 24.5421
12 0.0606624 0.0213233 0.0283435 0.00110625 105.645 20.8711
13 0.0278494 0.0163098 0.0213233 0.000949836 91.6321 19.3395
14 0.0299521 0.0135644 0.0163098 0.000840998 80.1391 18.1978
15 0.0314265 0.0507552 0.0135644 0.00074311 73.0836 17.1059
16 0.0264152 0.139547 0.0135644 0.00074311 73.0836 17.1059
17 0.0521177 0.0299852 0.0135644 0.00074311 73.0836 17.1059
18 0.0729055 0.0117749 0.0135644 0.00074311 73.0836 17.1059
19 0.102734 0.0234849 0.0117749 0.000485587 68.0926 13.8278
20 0.0308043 0.0552337 0.0117749 0.000485587 68.0926 13.8278
21 0.121857 0.0997568 0.0117749 0.000485587 68.0926 13.8278
22 0.0618802 0.0135324 0.0117749 0.000485587 68.0926 13.8278
23 0.155962 0.0866903 0.0117749 0.000485587 68.0926 13.8278
24 0.134692 0.111184 0.0117749 0.000485587 68.0926 13.8278
25 0.262131 0.197568 0.0117749 0.000485587 68.0926 13.8278
26 0.045564 0.208555 0.0117749 0.000485587 68.0926 13.8278
27 0.0640106 0.0204144 0.0117749 0.000485587 68.0926 13.8278
28 0.247544 0.226803 0.0117749 0.000485587 68.0926 13.8278
29 0.288528 3.12098 0.0117749 0.000485587 68.0926 13.8278
30 0.65085 0.0573845 0.0117749 0.000485587 68.0926 13.8278
31 0.0313588 0.0207819 0.0117749 0.000485587 68.0926 13.8278
32 0.0157563 0.0280038 0.0117749 0.000485587 68.0926 13.8278
33 0.072142 0.0801117 0.0117749 0.000485587 68.0926 13.8278
34 0.288233 0.262702 0.0117749 0.000485587 68.0926 13.8278
35 0.585788 0.245247 0.0117749 0.000485587 68.0926 13.8278
36 0.122256 0.0119645 0.0117749 0.000485587 68.0926 13.8278
37 0.0211218 0.00891393 0.0117749 0.000485587 68.0926 13.8278
38 0.744465 0.0481584 0.00891393 0.000107888 59.2454 6.51789
39 0.0376652 0.0823168 0.00891393 0.000107888 59.2454 6.51789
40 0.0260246 0.070576 0.00891393 0.000107888 59.2454 6.51789
41 0.166566 2.74885 0.00891393 0.000107888 59.2454 6.51789
42 0.676394 0.0201913 0.00891393 0.000107888 59.2454 6.51789
43 0.0115534 0.00343691 0.00891393 0.000107888 59.2454 6.51789
44 0.0326288 0.0328151 0.00343691 8.07762e-05 36.7879 5.63978
45 0.772465 1.66892 0.00343691 8.07762e-05 36.7879 5.63978
46 0.630925 0.0515393 0.00343691 8.07762e-05 36.7879 5.63978
47 0.0961087 0.344165 0.00343691 8.07762e-05 36.7879 5.63978
48 0.268625 1.05364 0.00343691 8.07762e-05 36.7879 5.63978
49 0.274843 0.0518231 0.00343691 8.07762e-05 36.7879 5.63978
50 0.487157 0.0345088 0.00343691 8.07762e-05 36.7879 5.63978
51 0.0335438 0.0159907 0.00343691 8.07762e-05 36.7879 5.63978
52 0.022927 0.0185627 0.00343691 8.07762e-05 36.7879 5.63978
53 0.118441 0.10769 0.00343691 8.07762e-05 36.7879 5.63978
54 0.049809 0.24051 0.00343691 8.07762e-05 36.7879 5.63978
55 0.408018 0.236436 0.00343691 8.07762e-05 36.7879 5.63978
56 1.87544 0.438962 0.00343691 8.07762e-05 36.7879 5.63978
57 0.119943 0.0078768 0.00343691 8.07762e-05 36.7879 5.63978
58 0.0060668 0.0522078 0.00343691 8.07762e-05 36.7879 5.63978
59 0.00894844 0.00253383 0.00343691 8.07762e-05 36.7879 5.63978
60 0.00326432 0.00476532 0.00253383 4.86931e-05 31.5871 4.37879
61 0.00511117 0.00207442 0.00253383 4.86931e-05 31.5871 4.37879
62 0.034031 0.939268 0.00207442 4.25363e-05 28.5804 4.09261
63 0.962153 0.269116 0.00207442 4.25363e-05 28.5804 4.09261
64 0.233894 0.00254362 0.00207442 4.25363e-05 28.5804 4.09261
65 0.00817616 0.0122423 0.00207442 4.25363e-05 28.5804 4.09261
66 0.00896711 0.00352603 0.00207442 4.25363e-05 28.5804 4.09261
67 0.0184097 0.0863092 0.00207442 4.25363e-05 28.5804 4.09261
68 0.28586 0.070164 0.00207442 4.25363e-05 28.5804 4.09261
69 0.158166 0.372302 0.00207442 4.25363e-05 28.5804 4.09261
70 0.049724 0.0446499 0.00207442 4.25363e-05 28.5804 4.09261
71 0.434877 0.0143472 0.00207442 4.25363e-05 28.5804 4.09261
72 0.108475 0.178633 0.00207442 4.25363e-05 28.5804 4.09261
73 0.149071 0.0478989 0.00207442 4.25363e-05 28.5804 4.09261
74 1.17747 0.0118131 0.00207442 4.25363e-05 28.5804 4.09261
75 0.00342727 0.00197337 0.00207442 4.25363e-05 28.5804 4.09261
76 0.00298086 0.0115982 0.00197337 3.11071e-05 27.8756 3.49985
77 0.0146448 0.0206823 0.00197337 3.11071e-05 27.8756 3.49985
78 0.0256676 0.0471988 0.00197337 3.11071e-05 27.8756 3.49985
79 0.415848 1.05958 0.00197337 3.11071e-05 27.8756 3.49985
80 0.223641 0.036629 0.00197337 3.11071e-05 27.8756 3.49985
81 0.0818887 0.452493 0.00197337 3.11071e-05 27.8756 3.49985
82 0.0550333 0.0017993 0.00197337 3.11071e-05 27.8756 3.49985
83 0.0226885 0.533319 0.0017993 2.54775e-05 26.6178 3.16737
84 2.37499 0.00749016 0.0017993 2.54775e-05 26.6178 3.16737
85 0.00327099 0.00210374 0.0017993 2.54775e-05 26.6178 3.16737
86 0.00225715 0.00170694 0.0017993 2.54775e-05 26.6178 3.16737
87 0.00147226 0.00121233 0.00170694 2.54503e-05 25.9256 3.16568
88 0.00412455 0.00898971 0.00121233 2.59605e-05 21.849 3.19725
89 0.00362944 0.00700732 0.00121233 2.59605e-05 21.849 3.19725
90 0.00663215 0.00398726 0.00121233 2.59605e-05 21.849 3.19725
91 0.00886123 0.0202433 0.00121233 2.59605e-05 21.849 3.19725
92 0.129193 0.0228731 0.00121233 2.59605e-05 21.849 3.19725
93 0.334382 0.0864143 0.00121233 2.59605e-05 21.849 3.19725
94 0.0189322 0.00116869 0.00121233 2.59605e-05 21.849 3.19725
95 0.00319785 0.0251299 0.00116869 2.06671e-05 21.4521 2.85273
96 0.551238 0.583712 0.00116869 2.06671e-05 21.4521 2.85273
97 0.356633 0.0348487 0.00116869 2.06671e-05 21.4521 2.85273
98 0.0132793 0.00176331 0.00116869 2.06671e-05 21.4521 2.85273
99 0.00998631 0.0365295 0.00116869 2.06671e-05 21.4521 2.85273
100 0.205766 0.127198 0.00116869 2.06671e-05 21.4521 2.85273
101 0.0195641 0.0142547 0.00116869 2.06671e-05 21.4521 2.85273
102 0.647363 0.0418176 0.00116869 2.06671e-05 21.4521 2.85273
103 0.217822 0.122015 0.00116869 2.06671e-05 21.4521 2.85273
104 0.052277 0.0123736 0.00116869 2.06671e-05 21.4521 2.85273
105 0.00911265 0.000839464 0.00116869 2.06671e-05 21.4521 2.85273
106 0.00453323 0.00116409 0.000839464 1.7952e-05 18.1811 2.65875
107 0.0208061 0.0259828 0.000839464 1.7952e-05 18.1811 2.65875
108 0.053881 1.58309 0.000839464 1.7952e-05 18.1811 2.65875
109 0.608783 0.0306705 0.000839464 1.7952e-05 18.1811 2.65875
110 0.0316702 0.00132552 0.000839464 1.7952e-05 18.1811 2.65875
111 0.00900442 0.00570594 0.000839464 1.7952e-05 18.1811 2.65875
112 0.106814 0.121732 0.000839464 1.7952e-05 18.1811 2.65875
113 0.0529542 0.0115133 0.000839464 1.7952e-05 18.1811 2.65875
114 0.0425474 0.029601 0.000839464 1.7952e-05 18.1811 2.65875
115 0.857098 0.0099284 0.000839464 1.7952e-05 18.1811 2.65875
116 0.110591 0.0037313 0.000839464 1.7952e-05 18.1811 2.65875
117 0.00327783 0.00144872 0.000839464 1.7952e-05 18.1811 2.65875
118 0.00257158 0.00126971 0.000839464 1.7952e-05 18.1811 2.65875
119 0.00229657 0.00272234 0.000839464 1.7952e-05 18.1811 2.65875
120 0.0803676 0.680914 0.000839464 1.7952e-05 18.1811 2.65875
121 0.101708 0.0353018 0.000839464 1.7952e-05 18.1811 2.65875
122 0.126264 1.03078 0.000839464 1.7952e-05 18.1811 2.65875
123 0.188589 0.0019666 0.000839464 1.7952e-05 18.1811 2.65875
124 0.147672 0.236918 0.000839464 1.7952e-05 18.1811 2.65875
125 0.0278594 0.0362419 0.000839464 1.7952e-05 18.1811 2.65875
126 0.0695739 0.00109788 0.000839464 1.7952e-05 18.1811 2.65875
127 0.134558 0.135418 0.000839464 1.7952e-05 18.1811 2.65875
128 0.422032 0.0121105 0.000839464 1.7952e-05 18.1811 2.65875
129 0.0118809 0.0109817 0.000839464 1.7952e-05 18.1811 2.65875
130 0.00353455 0.00870048 0.000839464 1.7952e-05 18.1811 2.65875
131 0.969417 0.599134 0.000839464 1.7952e-05 18.1811 2.65875
132 0.152104 0.00331087 0.000839464 1.7952e-05 18.1811 2.65875
133 0.00184166 0.00132075 0.000839464 1.7952e-05 18.1811 2.65875
134 0.00197355 0.000932222 0.000839464 1.7952e-05 18.1811 2.65875
135 0.00386713 0.00882042 0.000839464 1.7952e-05 18.1811 2.65875
136 0.0186688 0.0061105 0.000839464 1.7952e-05 18.1811 2.65875
137 0.0143801 0.0236831 0.000839464 1.7952e-05 18.1811 2.65875
138 0.00757977 0.0389857 0.000839464 1.7952e-05 18.1811 2.65875
139 0.341854 0.0531835 0.000839464 1.7952e-05 18.1811 2.65875
140 0.0130219 0.00118088 0.000839464 1.7952e-05 18.1811 2.65875
141 0.0155061 0.0165337 0.000839464 1.7952e-05 18.1811 2.65875
142 0.064146 0.383241 0.000839464 1.7952e-05 18.1811 2.65875
143 0.395074 0.0574496 0.000839464 1.7952e-05 18.1811 2.65875
144 0.0326233 0.0109848 0.000839464 1.7952e-05 18.1811 2.65875
145 0.00634986 0.0043803 0.000839464 1.7952e-05 18.1811 2.65875
146 0.0179387 0.0329457 0.000839464 1.7952e-05 18.1811 2.65875
147 0.257595 0.043753 0.000839464 1.7952e-05 18.1811 2.65875
148 0.00639943 0.0031923 0.000839464 1.7952e-05 18.1811 2.65875
149 0.134664 0.0578793 0.000839464 1.7952e-05 18.1811 2.65875
150 0.014057 0.0162998 0.000839464 1.7952e-05 18.1811 2.65875
151 0.0619855 0.00346535 0.000839464 1.7952e-05 18.1811 2.65875
152 0.560283 0.211017 0.000839464 1.7952e-05 18.1811 2.65875
153 0.0503047 0.0041869 0.000839464 1.7952e-05 18.1811 2.65875
154 0.0134182 0.000894814 0.000839464 1.7952e-05 18.1811 2.65875
155 0.00310189 0.0017026 0.000839464 1.7952e-05 18.1811 2.65875
156 0.012722 0.0321911 0.000839464 1.7952e-05 18.1811 2.65875
157 0.160308 0.036736 0.000839464 1.7952e-05 18.1811 2.65875
158 0.159144 0.165726 0.000839464 1.7952e-05 18.1811 2.65875
159 0.0174806 0.00312807 0.000839464 1.7952e-05 18.1811 2.65875
160 0.0180194 0.0136864 0.000839464 1.7952e-05 18.1811 2.65875
161 0.184547 0.0574022 0.000839464 1.7952e-05 18.1811 2.65875
162 0.0220434 0.00301901 0.000839464 1.7952e-05 18.1811 2.65875
163 0.0293654 0.086729 0.000839464 1.7952e-05 18.1811 2.65875
164 0.0416895 0.0182996 0.000839464 1.7952e-05 18.1811 2.65875
165 1.12809 1.70282 0.000839464 1.7952e-05 18.1811 2.65875
166 0.180382 0.00368381 0.000839464 1.7952e-05 18.1811 2.65875
167 0.00261498 0.000956451 0.000839464 1.7952e-05 18.1811 2.65875
168 0.0008469 0.000497542 0.000839464 1.7952e-05 18.1811 2.65875
169 0.00120402 0.00320805 0.000497542 1.12933e-05 13.997 2.10878
170 0.00205429 0.00147348 0.000497542 1.12933e-05 13.997 2.10878
171 0.00187075 0.00154077 0.000497542 1.12933e-05 13.997 2.10878
172 0.00169702 0.0016018 0.000497542 1.12933e-05 13.997 2.10878
173 0.00591976 0.00141043 0.000497542 1.12933e-05 13.997 2.10878
174 0.0231719 0.0110961 0.000497542 1.12933e-05 13.997 2.10878
175 0.0136457 0.0254998 0.000497542 1.12933e-05 13.997 2.10878
176 0.112775 0.0449347 0.000497542 1.12933e-05 13.997 2.10878
177 0.109231 0.0053349 0.000497542 1.12933e-05 13.997 2.10878
178 0.00505328 0.00546112 0.000497542 1.12933e-05 13.997 2.10878
179 0.0171229 0.0885494 0.000497542 1.12933e-05 13.997 2.10878
180 0.145838 0.00520945 0.000497542 1.12933e-05 13.997 2.10878
181 0.0328325 0.0114125 0.000497542 1.12933e-05 13.997 2.10878
182 0.121965 0.00448568 0.000497542 1.12933e-05 13.997 2.10878
183 0.00947565 0.00658149 0.000497542 1.12933e-05 13.997 2.10878
184 0.42813 0.694476 0.000497542 1.12933e-05 13.997 2.10878
185 0.146646 0.00198273 0.000497542 1.12933e-05 13.997 2.10878
186 0.00168246 0.000785152 0.000497542 1.12933e-05 13.997 2.10878
187 0.00129622 0.00817443 0.000497542 1.12933e-05 13.997 2.10878
188 0.00378814 0.00147292 0.000497542 1.12933e-05 13.997 2.10878
189 0.00208302 0.00174318 0.000497542 1.12933e-05 13.997 2.10878
190 0.057694 0.294817 0.000497542 1.12933e-05 13.997 2.10878
191 0.331051 0.00125387 0.000497542 1.12933e-05 13.997 2.10878
192 0.00145846 0.00056676 0.000497542 1.12933e-05 13.997 2.10878
193 0.0314513 0.0293793 0.000497542 1.12933e-05 13.997 2.10878
194 0.0131816 0.00112453 0.000497542 1.12933e-05 13.997 2.10878
195 0.00754158 0.00973704 0.000497542 1.12933e-05 13.997 2.10878
196 0.030236 0.031303 0.000497542 1.12933e-05 13.997 2.10878
197 0.151746 0.0282617 0.000497542 1.12933e-05 13.997 2.10878
198 0.0420604 0.00379779 0.000497542 1.12933e-05 13.997 2.10878
199 0.00710257 0.00132085 0.000497542 1.12933e-05 13.997 2.10878
200 0.420351 0.0324204 0.000497542 1.12933e-05 13.997 2.10878
201 0.0192429 0.000772158 0.000497542 1.12933e-05 13.997 2.10878
202 0.000778169 0.00076828 0.000497542 1.12933e-05 13.997 2.10878
203 0.00272325 0.00176641 0.000497542 1.12933e-05 13.997 2.10878
204 0.00661124 0.116044 0.000497542 1.12933e-05 13.997 2.10878
205 0.0736999 0.00240765 0.000497542 1.12933e-05 13.997 2.10878
206 0.00522114 0.0488197 0.000497542 1.12933e-05 13.997 2.10878
207 0.290611 0.120544 0.000497542 1.12933e-05 13.997 2.10878
208 0.0250443 0.00112235 0.000497542 1.12933e-05 13.997 2.10878
209 0.00396467 0.0108091 0.000497542 1.12933e-05 13.997 2.10878
210 0.0105261 0.0119745 0.000497542 1.12933e-05 13.997 2.10878
211 0.00768427 0.000877437 0.000497542 1.12933e-05 13.997 2.10878
212 0.538177 0.108868 0.000497542 1.12933e-05 13.997 2.10878
213 0.123674 0.00108378 0.000497542 1.12933e-05 13.997 2.10878
214 0.00145135 0.000652317 0.000497542 1.12933e-05 13.997 2.10878
215 0.000851594 0.000888028 0.000497542 1.12933e-05 13.997 2.10878
216 0.00104859 0.000524652 0.000497542 1.12933e-05 13.997 2.10878
217 0.00322692 0.00053616 0.000497542 1.12933e-05 13.997 2.10878
218 0.00619064 0.00196365 0.000497542 1.12933e-05 13.997 2.10878
219 0.0333629 0.0068389 0.000497542 1.12933e-05 13.997 2.10878
220 0.0710432 0.0301541 0.000497542 1.12933e-05 13.997 2.10878
221 0.0517876 0.00407483 0.000497542 1.12933e-05 13.997 2.10878
222 0.00427756 0.00736534 0.000497542 1.12933e-05 13.997 2.10878
223 0.0892269 0.00802697 0.000497542 1.12933e-05 13.997 2.10878
224 0.0238399 0.00820969 0.000497542 1.12933e-05 13.997 2.10878
225 0.00761893 0.00124316 0.000497542 1.12933e-05 13.997 2.10878
226 0.168441 0.667319 0.000497542 1.12933e-05 13.997 2.10878
227 0.124045 0.00539147 0.000497542 1.12933e-05 13.997 2.10878
228 0.00973998 0.0170198 0.000497542 1.12933e-05 13.997 2.10878
229 0.0188493 0.00697468 0.000497542 1.12933e-05 13.997 2.10878
230 0.0264456 0.00760184 0.000497542 1.12933e-05 13.997 2.10878
231 0.0636552 0.00227978 0.000497542 1.12933e-05 13.997 2.10878
232 0.0591447 0.00109768 0.000497542 1.12933e-05 13.997 2.10878
233 0.00390547 0.0331871 0.000497542 1.12933e-05 13.997 2.10878
234 0.0200475 0.0483577 0.000497542 1.12933e-05 13.997 2.10878
235 0.215012 0.0150588 0.000497542 1.12933e-05 13.997 2.10878
236 0.0520893 0.0306598 0.000497542 1.12933e-05 13.997 2.10878
237 0.0247475 0.0124134 0.000497542 1.12933e-05 13.997 2.10878
238 0.0194733 0.00147503 0.000497542 1.12933e-05 13.997 2.10878
239 0.0140198 0.00382027 0.000497542 1.12933e-05 13.997 2.10878
240 0.0559875 0.000862505 0.000497542 1.12933e-05 13.997 2.10878
241 0.00265788 0.00401718 0.000497542 1.12933e-05 13.997 2.10878
242 0.0974823 0.137592 0.000497542 1.12933e-05 13.997 2.10878
243 0.0142671 0.00936465 0.000497542 1.12933e-05 13.997 2.10878
244 0.0511843 0.298139 0.000497542 1.12933e-05 13.997 2.10878
245 0.106699 0.0424041 0.000497542 1.12933e-05 13.997 2.10878
246 0.0287233 0.656363 0.000497542 1.12933e-05 13.997 2.10878
247 0.167178 0.034133 0.000497542 1.12933e-05 13.997 2.10878
248 0.00831957 0.000550085 0.000497542 1.12933e-05 13.997 2.10878
249 0.00810657 0.057585 0.000497542 1.12933e-05 13.997 2.10878
250 0.164564 0.00860585 0.000497542 1.12933e-05 13.997 2.10878
251 0.012499 0.00327245 0.000497542 1.12933e-05 13.997 2.10878
252 0.00274474 0.00266078 0.000497542 1.12933e-05 13.997 2.10878
253 0.058451 0.0759648 0.000497542 1.12933e-05 13.997 2.10878
254 0.0253557 0.00382592 0.000497542 1.12933e-05 13.997 2.10878
255 0.0185544 0.0089836 0.000497542 1.12933e-05 13.997 2.10878
256 0.0343265 0.00891532 0.000497542 1.12933e-05 13.997 2.10878
257 0.196359 0.00589731 0.000497542 1.12933e-05 13.997 2.10878
258 0.0103564 0.00470779 0.000497542 1.12933e-05 13.997 2.10878
259 0.00122323 0.000550459 0.000497542 1.12933e-05 13.997 2.10878
260 0.00459713 0.00524615 0.000497542 1.12933e-05 13.997 2.10878
261 0.306727 0.138582 0.000497542 1.12933e-05 13.997 2.10878
262 0.04337 0.00112959 0.000497542 1.12933e-05 13.997 2.10878
263 0.00864572 0.00334208 0.000497542 1.12933e-05 13.997 2.10878
264 0.00121387 0.00302714 0.000497542 1.12933e-05 13.997 2.10878
265 0.00248912 0.0053763 0.000497542 1.12933e-05 13.997 2.10878
266 0.0340384 0.473763 0.000497542 1.12933e-05 13.997 2.10878
267 0.143398 0.0582818 0.000497542 1.12933e-05 13.997 2.10878
268 0.00751794 0.0029085 0.000497542 1.12933e-05 13.997 2.10878
269 0.000928077 0.00037694 0.000497542 1.12933e-05 13.997 2.10878
270 0.000385393 0.000439011 0.00037694 7.33611e-06 12.1831 1.69963
271 0.000356586 0.000440948 0.00037694 7.33611e-06 12.1831 1.69963
272 0.000396126 0.000539425 0.00037694 7.33611e-06 12.1831 1.69963
273 0.000457184 0.000688857 0.00037694 7.33611e-06 12.1831 1.69963
274 0.000396627 0.000832223 0.00037694 7.33611e-06 12.1831 1.69963
275 0.000547835 0.000475534 0.00037694 7.33611e-06 12.1831 1.69963
276 0.000384206 0.000530539 0.00037694 7.33611e-06 12.1831 1.69963
277 0.000390687 0.000643499 0.00037694 7.33611e-06 12.1831 1.69963
278 0.000437718 0.000372859 0.00037694 7.33611e-06 12.1831 1.69963
279 0.000427323 0.000608337 0.000372859 7.26646e-06 12.1169 1.69154
280 0.000486132 0.000445032 0.000372859 7.26646e-06 12.1169 1.69154
281 0.000425531 0.000714651 0.000372859 7.26646e-06 12.1169 1.69154
282 0.000508734 0.000333353 0.000372859 7.26646e-06 12.1169 1.69154
283 0.000442114 0.000438982 0.000333353 7.17553e-06 11.457 1.68092
284 0.000452651 0.00073664 0.000333353 7.17553e-06 11.457 1.68092
285 0.000845232 0.000802645 0.000333353 7.17553e-06 11.457 1.68092
286 0.000510543 0.000593999 0.000333353 7.17553e-06 11.457 1.68092
287 0.000414472 0.00184151 0.000333353 7.17553e-06 11.457 1.68092
288 0.000675792 0.00125523 0.000333353 7.17553e-06 11.457 1.68092
289 0.000613912 0.00040077 0.000333353 7.17553e-06 11.457 1.68092
290 0.000560348 0.00130775 0.000333353 7.17553e-06 11.457 1.68092
291 0.00171579 0.000874424 0.000333353 7.17553e-06 11.457 1.68092
292 0.000599104 0.00065573 0.000333353 7.17553e-06 11.457 1.68092
293 0.000634463 0.000505949 0.000333353 7.17553e-06 11.457 1.68092
294 0.00109493 0.000410044 0.000333353 7.17553e-06 11.457 1.68092
295 0.00258627 0.000983387 0.000333353 7.17553e-06 11.457 1.68092
296 0.00105784 0.00268348 0.000333353 7.17553e-06 11.457 1.68092
297 0.0276368 0.000435925 0.000333353 7.17553e-06 11.457 1.68092
298 0.0121828 0.00048889 0.000333353 7.17553e-06 11.457 1.68092
299 0.000722557 0.000702152 0.000333353 7.17553e-06 11.457 1.68092
300 0.00213099 0.00360024 0.000333353 7.17553e-06 11.457 1.68092
301 0.00681899 0.0094348 0.000333353 7.17553e-06 11.457 1.68092
302 0.00544362 0.00318929 0.000333353 7.17553e-06 11.457 1.68092
303 0.0168336 0.00688932 0.000333353 7.17553e-06 11.457 1.68092
304 0.00953224 0.0281274 0.000333353 7.17553e-06 11.457 1.68092
305 0.0340758 0.0281104 0.000333353 7.17553e-06 11.457 1.68092
306 0.0328354 0.0207511 0.000333353 7.17553e-06 11.457 1.68092
307 0.00526766 0.00419702 0.000333353 7.17553e-06 11.457 1.68092
308 0.00486744 0.00240554 0.000333353 7.17553e-06 11.457 1.68092
309 0.00441411 0.00040496 0.000333353 7.17553e-06 11.457 1.68092
310 0.00343604 0.0011511 0.000333353 7.17553e-06 11.457 1.68092
311 0.00577805 0.00318903 0.000333353 7.17553e-06 11.457 1.68092
312 0.0131558 0.0139063 0.000333353 7.17553e-06 11.457 1.68092
313 0.026286 0.080979 0.000333353 7.17553e-06 11.457 1.68092
314 0.0121196 0.0114749 0.000333353 7.17553e-06 11.457 1.68092
315 0.00312815 0.0419363 0.000333353 7.17553e-06 11.457 1.68092
316 0.079956 0.0524116 0.000333353 7.17553e-06 11.457 1.68092
317 0.0267262 0.00839529 0.000333353 7.17553e-06 11.457 1.68092
318 0.00108263 0.000480587 0.000333353 7.17553e-06 11.457 1.68092
319 0.0030925 0.023131 0.000333353 7.17553e-06 11.457 1.68092
320 0.0144267 0.000895249 0.000333353 7.17553e-06 11.457 1.68092
321 0.0026921 0.000329178 0.000333353 7.17553e-06 11.457 1.68092
322 0.00606074 0.0138247 0.000329178 6.56383e-06 11.3851 1.60768
323 0.045482 0.0629381 0.000329178 6.56383e-06 11.3851 1.60768
324 0.00876321 0.00577929 0.000329178 6.56383e-06 11.3851 1.60768
325 0.00604013 0.00109556 0.000329178 6.56383e-06 11.3851 1.60768
326 0.00733947 0.0131805 0.000329178 6.56383e-06 11.3851 1.60768
327 0.0534051 0.0255756 0.000329178 6.56383e-06 11.3851 1.60768
328 0.00669494 0.00133252 0.000329178 6.56383e-06 11.3851 1.60768
329 0.00100019 0.000354775 0.000329178 6.56383e-06 11.3851 1.60768
330 0.00863209 0.0108042 0.000329178 6.56383e-06 11.3851 1.60768
331 0.0376836 0.0330962 0.000329178 6.56383e-06 11.3851 1.60768
332 0.0185291 0.0367849 0.000329178 6.56383e-06 11.3851 1.60768
333 0.00751652 0.000586973 0.000329178 6.56383e-06 11.3851 1.60768
334 0.00228309 0.00697634 0.000329178 6.56383e-06 11.3851 1.60768
335 0.0102645 0.0126923 0.000329178 6.56383e-06 11.3851 1.60768
336 0.0356877 0.00607284 0.000329178 6.56383e-06 11.3851 1.60768
337 0.00281087 0.000465549 0.000329178 6.56383e-06 11.3851 1.60768
338 0.00178136 0.00214703 0.000329178 6.56383e-06 11.3851 1.60768
339 0.00382244 0.0468814 0.000329178 6.56383e-06 11.3851 1.60768
340 0.0222487 0.00291031 0.000329178 6.56383e-06 11.3851 1.60768
341 0.00999464 0.00466738 0.000329178 6.56383e-06 11.3851 1.60768
342 0.0652483 0.00451062 0.000329178 6.56383e-06 11.3851 1.60768
343 0.0040692 0.00432448 0.000329178 6.56383e-06 11.3851 1.60768
344 0.00473304 0.0028456 0.000329178 6.56383e-06 11.3851 1.60768
345 0.00283351 0.000426685 0.000329178 6.56383e-06 11.3851 1.60768
346 0.0032077 0.00152886 0.000329178 6.56383e-06 11.3851 1.60768
347 0.0657831 0.000928011 0.000329178 6.56383e-06 11.3851 1.60768
348 0.00118412 0.00061681 0.000329178 6.56383e-06 11.3851 1.60768
349 0.00338477 0.00248083 0.000329178 6.56383e-06 11.3851 1.60768
350 0.00809505 0.0014604 0.000329178 6.56383e-06 11.3851 1.60768
351 0.00299557 0.00112131 0.000329178 6.56383e-06 11.3851 1.60768
352 0.00560166 0.0398471 0.000329178 6.56383e-06 11.3851 1.60768
353 0.0177398 0.00256985 0.000329178 6.56383e-06 11.3851 1.60768
354 0.0535062 0.0130977 0.000329178 6.56383e-06 11.3851 1.60768
355 0.0318046 0.0095839 0.000329178 6.56383e-06 11.3851 1.60768
356 0.0055709 0.0018201 0.000329178 6.56383e-06 11.3851 1.60768
357 0.0015496 0.000601185 0.000329178 6.56383e-06 11.3851 1.60768
358 0.00122219 0.000677306 0.000329178 6.56383e-06 11.3851 1.60768
359 0.00335372 0.003591 0.000329178 6.56383e-06 11.3851 1.60768
360 0.0171627 0.00107628 0.000329178 6.56383e-06 11.3851 1.60768
361 0.015144 0.00830037 0.000329178 6.56383e-06 11.3851 1.60768
362 0.0521094 0.00735832 0.000329178 6.56383e-06 11.3851 1.60768
363 0.0147923 0.00169604 0.000329178 6.56383e-06 11.3851 1.60768
364 0.00217333 0.000342057 0.000329178 6.56383e-06 11.3851 1.60768
365 0.00197263 0.00890354 0.000329178 6.56383e-06 11.3851 1.60768
366 0.00515945 0.00072318 0.000329178 6.56383e-06 11.3851 1.60768
367 0.0156999 0.0088819 0.000329178 6.56383e-06 11.3851 1.60768
368 0.00421795 0.00737047 0.000329178 6.56383e-06 11.3851 1.60768
369 0.00760863 0.0113643 0.000329178 6.56383e-06 11.3851 1.60768
370 0.00747174 0.00266897 0.000329178 6.56383e-06 11.3851 1.60768
371 0.0372008 0.0277373 0.000329178 6.56383e-06 11.3851 1.60768
372 0.00789992 0.0030208 0.000329178 6.56383e-06 11.3851 1.60768
373 0.0130248 0.0738603 0.000329178 6.56383e-06 11.3851 1.60768
374 0.0204898 0.0778135 0.000329178 6.56383e-06 11.3851 1.60768
375 0.0376674 0.00451969 0.000329178 6.56383e-06 11.3851 1.60768
376 0.00514209 0.0025157 0.000329178 6.56383e-06 11.3851 1.60768
377 0.00112734 0.0025495 0.000329178 6.56383e-06 11.3851 1.60768
378 0.00852142 0.00463938 0.000329178 6.56383e-06 11.3851 1.60768
379 0.0146095 0.0136775 0.000329178 6.56383e-06 11.3851 1.60768
380 0.00812351 0.0158305 0.000329178 6.56383e-06 11.3851 1.60768
381 0.0151478 0.00351489 0.000329178 6.56383e-06 11.3851 1.60768
382 0.00909424 0.000741531 0.000329178 6.56383e-06 11.3851 1.60768
383 0.089368 0.074442 0.000329178 6.56383e-06 11.3851 1.60768
384 0.0237185 0.00345576 0.000329178 6.56383e-06 11.3851 1.60768
385 0.00271688 0.000865458 0.000329178 6.56383e-06 11.3851 1.60768
386 0.00163685 0.000747597 0.000329178 6.56383e-06 11.3851 1.60768
387 0.0028081 0.000752355 0.000329178 6.56383e-06 11.3851 1.60768
388 0.0039189 0.00325398 0.000329178 6.56383e-06 11.3851 1.60768
389 0.000868906 0.000589113 0.000329178 6.56383e-06 11.3851 1.60768
390 0.00188952 0.00103125 0.000329178 6.56383e-06 11.3851 1.60768
391 0.0221414 0.0127438 0.000329178 6.56383e-06 11.3851 1.60768
392 0.00648531 0.0393076 0.000329178 6.56383e-06 11.3851 1.60768
393 0.0491476 0.00320491 0.000329178 6.56383e-06 11.3851 1.60768
394 0.00320622 0.000932468 0.000329178 6.56383e-06 11.3851 1.60768
395 0.00225244 0.000480493 0.000329178 6.56383e-06 11.3851 1.60768
396 0.00225769 0.00141222 0.000329178 6.56383e-06 11.3851 1.60768
397 0.0284471 0.340504 0.000329178 6.56383e-06 11.3851 1.60768
398 0.0806882 0.00535587 0.000329178 6.56383e-06 11.3851 1.60768
399 0.00247715 0.000401516 0.000329178 6.56383e-06 11.3851 1.60768
400 0.000800088 0.0016493 0.000329178 6.56383e-06 11.3851 1.60768
401 0.000958013 0.00579647 0.000329178 6.56383e-06 11.3851 1.60768
402 0.00194186 0.00111034 0.000329178 6.56383e-06 11.3851 1.60768
403 0.00441064 0.00755379 0.000329178 6.56383e-06 11.3851 1.60768
404 0.00283076 0.00740245 0.000329178 6.56383e-06 11.3851 1.60768
405 0.0140676 0.00361926 0.000329178 6.56383e-06 11.3851 1.60768
406 0.00309134 0.00722686 0.000329178 6.56383e-06 11.3851 1.60768
407 0.00344065 0.000439489 0.000329178 6.56383e-06 11.3851 1.60768
408 0.0619283 0.0185202 0.000329178 6.56383e-06 11.3851 1.60768
409 0.00774287 0.00329138 0.000329178 6.56383e-06 11.3851 1.60768
410 0.00711703 0.000428109 0.000329178 6.56383e-06 11.3851 1.60768
411 0.00735605 0.00202463 0.000329178 6.56383e-06 11.3851 1.60768
412 0.00802743 0.00189834 0.000329178 6.56383e-06 11.3851 1.60768
413 0.00689779 0.000865508 0.000329178 6.56383e-06 11.3851 1.60768
414 0.0251719 0.0511387 0.000329178 6.56383e-06 11.3851 1.60768
415 0.00935452 0.0174097 0.000329178 6.56383e-06 11.3851 1.60768
416 0.00813765 0.0877839 0.000329178 6.56383e-06 11.3851 1.60768
417 0.0356959 0.00593441 0.000329178 6.56383e-06 11.3851 1.60768
418 0.00514972 0.000930487 0.000329178 6.56383e-06 11.3851 1.60768
419 0.00352724 0.0080168 0.000329178 6.56383e-06 11.3851 1.60768
420 0.00315915 0.00288552 0.000329178 6.56383e-06 11.3851 1.60768
421 0.0116291 0.000690338 0.000329178 6.56383e-06 11.3851 1.60768
422 0.000398474 0.000376594 0.000329178 6.56383e-06 11.3851 1.60768
423 0.000307305 0.000773409 0.000329178 6.56383e-06 11.3851 1.60768
424 0.000396563 0.000446753 0.000329178 6.56383e-06 11.3851 1.60768
425 0.000362546 0.000363981 0.000329178 6.56383e-06 11.3851 1.60768
426 0.000319741 0.000327564 0.000329178 6.56383e-06 11.3851 1.60768
427 0.0003386 0.000482387 0.000327564 6.00731e-06 11.3571 1.53801
428 0.000342939 0.000434396 0.000327564 6.00731e-06 11.3571 1.53801
429 0.000413007 0.000583903 0.000327564 6.00731e-06 11.3571 1.53801
430 0.000323911 0.000677821 0.000327564 6.00731e-06 11.3571 1.53801
431 0.000459502 0.000905687 0.000327564 6.00731e-06 11.3571 1.53801
432 0.00109825 0.00317959 0.000327564 6.00731e-06 11.3571 1.53801
433 0.00048331 0.000518627 0.000327564 6.00731e-06 11.3571 1.53801
434 0.000512021 0.000449745 0.000327564 6.00731e-06 11.3571 1.53801
435 0.000357475 0.00039668 0.000327564 6.00731e-06 11.3571 1.53801
436 0.000313626 0.00039673 0.000327564 6.00731e-06 11.3571 1.53801
437 0.000425425 0.000796097 0.000327564 6.00731e-06 11.3571 1.53801
438 0.000474548 0.00126135 0.000327564 6.00731e-06 11.3571 1.53801
439 0.000807156 0.000279118 0.000327564 6.00731e-06 11.3571 1.53801
440 0.000511296 0.000307639 0.000279118 6.12031e-06 10.4837 1.55241
441 0.000373419 0.000300936 0.000279118 6.12031e-06 10.4837 1.55241
442 0.00055741 0.000648604 0.000279118 6.12031e-06 10.4837 1.55241
443 0.000429465 0.00067477 0.000279118 6.12031e-06 10.4837 1.55241
444 0.00078638 0.000692061 0.000279118 6.12031e-06 10.4837 1.55241
445 0.00123162 0.000550996 0.000279118 6.12031e-06 10.4837 1.55241
446 0.000808502 0.000340536 0.000279118 6.12031e-06 10.4837 1.55241
447 0.000520482 0.000436492 0.000279118 6.12031e-06 10.4837 1.55241
448 0.00037711 0.000316454 0.000279118 6.12031e-06 10.4837 1.55241
449 0.000491341 0.000616175 0.000279118 6.12031e-06 10.4837 1.55241
450 0.000840637 0.000671681 0.000279118 6.12031e-06 10.4837 1.55241
451 0.00110238 0.000343898 0.000279118 6.12031e-06 10.4837 1.55241
452 0.00767891 0.000469171 0.000279118 6.12031e-06 10.4837 1.55241
453 0.00140599 0.000292046 0.000279118 6.12031e-06 10.4837 1.55241
454 0.00192477 0.000519734 0.000279118 6.12031e-06 10.4837 1.55241
455 0.00284172 0.00197584 0.000279118 6.12031e-06 10.4837 1.55241
456 0.00159517 0.000346172 0.000279118 6.12031e-06 10.4837 1.55241
457 0.0014079 0.000452412 0.000279118 6.12031e-06 10.4837 1.55241
458 0.00743074 0.000929498 0.000279118 6.12031e-06 10.4837 1.55241
459 0.00621995 0.000791296 0.000279118 6.12031e-06 10.4837 1.55241
460 0.00145511 0.00201016 0.000279118 6.12031e-06 10.4837 1.55241
461 0.00104733 0.00108165 0.000279118 6.12031e-06 10.4837 1.55241
462 0.00269246 0.00314545 0.000279118 6.12031e-06 10.4837 1.55241
463 0.00699101 0.000367578 0.000279118 6.12031e-06 10.4837 1.55241
464 0.00122498 0.000506679 0.000279118 6.12031e-06 10.4837 1.55241
465 0.00618762 0.0137839 0.000279118 6.12031e-06 10.4837 1.55241
466 0.00745159 0.00746076 0.000279118 6.12031e-06 10.4837 1.55241
467 0.00156645 0.00136642 0.000279118 6.12031e-06 10.4837 1.55241
468 0.00122711 0.000521213 0.000279118 6.12031e-06 10.4837 1.55241
469 0.00228903 0.00096462 0.000279118 6.12031e-06 10.4837 1.55241
470 0.0104624 0.0072933 0.000279118 6.12031e-06 10.4837 1.55241
471 0.0182233 0.00337146 0.000279118 6.12031e-06 10.4837 1.55241
472 0.00111291 0.000670329 0.000279118 6.12031e-06 10.4837 1.55241
473 0.0004772 0.000483365 0.000279118 6.12031e-06 10.4837 1.55241
474 0.000520605 0.00158848 0.000279118 6.12031e-06 10.4837 1.55241
475 0.00133402 0.000665911 0.000279118 6.12031e-06 10.4837 1.55241
476 0.00269299 0.00756115 0.000279118 6.12031e-06 10.4837 1.55241
477 0.00484296 0.00119004 0.000279118 6.12031e-06 10.4837 1.55241
478 0.00122347 0.000575272 0.000279118 6.12031e-06 10.4837 1.55241
479 0.00376262 0.00189444 0.000279118 6.12031e-06 10.4837 1.55241
480 0.0228138 0.00355238 0.000279118 6.12031e-06 10.4837 1.55241
481 0.00375034 0.0017842 0.000279118 6.12031e-06 10.4837 1.55241
482 0.00262232 0.00356907 0.000279118 6.12031e-06 10.4837 1.55241
483 0.0013616 0.000345143 0.000279118 6.12031e-06 10.4837 1.55241
484 0.000818645 0.000825192 0.000279118 6.12031e-06 10.4837 1.55241
485 0.000446473 0.00173994 0.000279118 6.12031e-06 10.4837 1.55241
486 0.00133413 0.000605254 0.000279118 6.12031e-06 10.4837 1.55241
487 0.00302672 0.0060282 0.000279118 6.12031e-06 10.4837 1.55241
488 0.00286015 0.000435465 0.000279118 6.12031e-06 10.4837 1.55241
489 0.00184174 0.0114206 0.000279118 6.12031e-06 10.4837 1.55241
490 0.00154681 0.000291806 0.000279118 6.12031e-06 10.4837 1.55241
491 0.0223849 0.0063915 0.000279118 6.12031e-06 10.4837 1.55241
492 0.0124069 0.00246247 0.000279118 6.12031e-06 10.4837 1.55241
493 0.000738925 0.00125852 0.000279118 6.12031e-06 10.4837 1.55241
494 0.000871452 0.00114199 0.000279118 6.12031e-06 10.4837 1.55241
495 0.0027592 0.00121211 0.000279118 6.12031e-06 10.4837 1.55241
496 0.00158243 0.00126723 0.000279118 6.12031e-06 10.4837 1.55241
497 0.00150602 0.00101514 0.000279118 6.12031e-06 10.4837 1.55241
498 0.000927811 0.00337821 0.000279118 6.12031e-06 10.4837 1.55241
499 0.00767869 0.00199262 0.000279118 6.12031e-06 10.4837 1.55241
500 0.00106485 0.00374865 0.000279118 6.12031e-06 10.4837 1.55241
501 0.00182669 0.00124106 0.000279118 6.12031e-06 10.4837 1.55241
502 0.000994064 0.000299543 0.000279118 6.12031e-06 10.4837 1.55241
503 0.00366871 0.0135833 0.000279118 6.12031e-06 10.4837 1.55241
504 0.00192417 0.000328985 0.000279118 6.12031e-06 10.4837 1.55241
505 0.00255069 0.00972933 0.000279118 6.12031e-06 10.4837 1.55241
506 0.00819762 0.00169419 0.000279118 6.12031e-06 10.4837 1.55241
507 0.00101923 0.000413683 0.000279118 6.12031e-06 10.4837 1.55241
508 0.00271593 0.00226395 0.000279118 6.12031e-06 10.4837 1.55241
509 0.00337999 0.00266134 0.000279118 6.12031e-06 10.4837 1.55241
510 0.0092881 0.021193 0.000279118 6.12031e-06 10.4837 1.55241
511 0.00541186 0.000662113 0.000279118 6.12031e-06 10.4837 1.55241
512 0.00197974 0.000962936 0.000279118 6.12031e-06 10.4837 1.55241
513 0.00165554 0.000803351 0.000279118 6.12031e-06 10.4837 1.55241
514 0.00111743 0.0124954 0.000279118 6.12031e-06 10.4837 1.55241
515 0.00341924 0.00500216 0.000279118 6.12031e-06 10.4837 1.55241
516 0.00429875 0.000495294 0.000279118 6.12031e-06 10.4837 1.55241
517 0.00171966 0.00251135 0.000279118 6.12031e-06 10.4837 1.55241
518 0.00511134 0.000520578 0.000279118 6.12031e-06 10.4837 1.55241
519 0.00246395 0.00146521 0.000279118 6.12031e-06 10.4837 1.55241
520 0.00636054 0.00689045 0.000279118 6.12031e-06 10.4837 1.55241
521 0.00515912 0.0236557 0.000279118 6.12031e-06 10.4837 1.55241
522 0.00913951 0.0010472 0.000279118 6.12031e-06 10.4837 1.55241
523 0.0042545 0.0017898 0.000279118 6.12031e-06 10.4837 1.55241
524 0.000685923 0.000776639 0.000279118 6.12031e-06 10.4837 1.55241
525 0.00418583 0.0048727 0.000279118 6.12031e-06 10.4837 1.55241
526 0.0051511 0.00237335 0.000279118 6.12031e-06 10.4837 1.55241
527 0.00505704 0.011622 0.000279118 6.12031e-06 10.4837 1.55241
528 0.00539694 0.00344377 0.000279118 6.12031e-06 10.4837 1.55241
529 0.00351181 0.000576091 0.000279118 6.12031e-06 10.4837 1.55241
530 0.00737815 0.00428012 0.000279118 6.12031e-06 10.4837 1.55241
531 0.0106936 0.000349675 0.000279118 6.12031e-06 10.4837 1.55241
532 0.00210353 0.0110553 0.000279118 6.12031e-06 10.4837 1.55241
533 0.00245956 0.000324936 0.000279118 6.12031e-06 10.4837 1.55241
534 0.000754452 0.00253174 0.000279118 6.12031e-06 10.4837 1.55241
535 0.00136122 0.000753761 0.000279118 6.12031e-06 10.4837 1.55241
536 0.00295803 0.00180349 0.000279118 6.12031e-06 10.4837 1.55241
537 0.011635 0.000968031 0.000279118 6.12031e-06 10.4837 1.55241
538 0.00473858 0.0123844 0.000279118 6.12031e-06 10.4837 1.55241
539 0.00337664 0.000960301 0.000279118 6.12031e-06 10.4837 1.55241
540 0.000379482 0.000345717 0.000279118 6.12031e-06 10.4837 1.55241
541 0.000390877 0.000363749 0.000279118 6.12031e-06 10.4837 1.55241
542 0.000264463 0.000349046 0.000279118 6.12031e-06 10.4837 1.55241
543 0.000324433 0.000453748 0.000279118 6.12031e-06 10.4837 1.55241
544 0.000318418 0.000362192 0.000279118 6.12031e-06 10.4837 1.55241
545 0.000282807 0.000358558 0.000279118 6.12031e-06 10.4837 1.55241
546 0.000389711 0.000690685 0.000279118 6.12031e-06 10.4837 1.55241
547 0.000453268 0.000356593 0.000279118 6.12031e-06 10.4837 1.55241
548 0.00040917 0.000410818 0.000279118 6.12031e-06 10.4837 1.55241
549 0.000297021 0.000409725 0.000279118 6.12031e-06 10.4837 1.55241
550 0.000284646 0.000330091 0.000279118 6.12031e-06 10.4837 1.55241
551 0.000344791 0.000362864 0.000279118 6.12031e-06 10.4837 1.55241
552 0.000332331 0.000644696 0.000279118 6.12031e-06 10.4837 1.55241
553 0.00028466 0.000276561 0.000279118 6.12031e-06 10.4837 1.55241
554 0.00040732 0.000377616 0.000276561 5.56044e-06 10.4356 1.4797
555 0.000483724 0.000508276 0.000276561 5.56044e-06 10.4356 1.4797
556 0.000371325 0.000391081 0.000276561 5.56044e-06 10.4356 1.4797
557 0.000361518 0.000657145 0.000276561 5.56044e-06 10.4356 1.4797
558 0.000387341 0.000290639 0.000276561 5.56044e-06 10.4356 1.4797
559 0.000421194 0.000312598 0.000276561 5.56044e-06 10.4356 1.4797
560 0.000416485 0.000561806 0.000276561 5.56044e-06 10.4356 1.4797
561 0.000285109 0.000275386 0.000276561 5.56044e-06 10.4356 1.4797
562 0.000300589 0.000896282 0.000275386 5.59505e-06 10.4134 1.4843
563 0.000555178 0.000647454 0.000275386 5.59505e-06 10.4134 1.4843
564 0.000491039 0.00157635 0.000275386 5.59505e-06 10.4134 1.4843
565 0.00147701 0.000545242 0.000275386 5.59505e-06 10.4134 1.4843
566 0.000494436 0.000934413 0.000275386 5.59505e-06 10.4134 1.4843
567 0.000429081 0.000275735 0.000275386 5.59505e-06 10.4134 1.4843
568 0.000468045 0.000274627 0.000275386 5.59505e-06 10.4134 1.4843
569 0.000546191 0.000512533 0.000274627 5.62847e-06 10.399 1.48873
570 0.000708682 0.000640443 0.000274627 5.62847e-06 10.399 1.48873
571 0.000380952 0.000309029 0.000274627 5.62847e-06 10.399 1.48873
572 0.000525461 0.00106629 0.000274627 5.62847e-06 10.399 1.48873
573 0.000523592 0.000400645 0.000274627 5.62847e-06 10.399 1.48873
574 0.000722817 0.00189322 0.000274627 5.62847e-06 10.399 1.48873
575 0.00102461 0.000563728 0.000274627 5.62847e-06 10.399 1.48873
576 0.00181627 0.000361262 0.000274627 5.62847e-06 10.399 1.48873
577 0.000461161 0.0003827 0.000274627 5.62847e-06 10.399 1.48873
578 0.000403906 0.000742048 0.000274627 5.62847e-06 10.399 1.48873
579 0.00075474 0.0010493 0.000274627 5.62847e-06 10.399 1.48873
580 0.000669409 0.000608667 0.000274627 5.62847e-06 10.399 1.48873
581 0.00154153 0.00044976 0.000274627 5.62847e-06 10.399 1.48873
582 0.00040676 0.000418972 0.000274627 5.62847e-06 10.399 1.48873
583 0.000547447 0.000607186 0.000274627 5.62847e-06 10.399 1.48873
584 0.00210941 0.00113013 0.000274627 5.62847e-06 10.399 1.48873
585 0.00243164 0.00693035 0.000274627 5.62847e-06 10.399 1.48873
586 0.00165513 0.000869265 0.000274627 5.62847e-06 10.399 1.48873
587 0.000990767 0.0011722 0.000274627 5.62847e-06 10.399 1.48873
588 0.000423818 0.000416108 0.000274627 5.62847e-06 10.399 1.48873
589 0.00128066 0.00127832 0.000274627 5.62847e-06 10.399 1.48873
590 0.000566721 0.0004143 0.000274627 5.62847e-06 10.399 1.48873
591 0.000529334 0.000338024 0.000274627 5.62847e-06 10.399 1.48873
592 0.0020012 0.0020885 0.000274627 5.62847e-06 10.399 1.48873
593 0.000789957 0.0057367 0.000274627 5.62847e-06 10.399 1.48873
594 0.00222709 0.000553512 0.000274627 5.62847e-06 10.399 1.48873
595 0.000795394 0.0041724 0.000274627 5.62847e-06 10.399 1.48873
596 0.00285739 0.00415206 0.000274627 5.62847e-06 10.399 1.48873
597 0.00126906 0.000282685 0.000274627 5.62847e-06 10.399 1.48873
598 0.000411228 0.000462859 0.000274627 5.62847e-06 10.399 1.48873
599 0.00218257 0.00031611 0.000274627 5.62847e-06 10.399 1.48873
600 0.00079199 0.000805929 0.000274627 5.62847e-06 10.399 1.48873
601 0.000699179 0.000356424 0.000274627 5.62847e-06 10.399 1.48873
602 0.000624093 0.000764461 0.000274627 5.62847e-06 10.399 1.48873
603 0.00119453 0.00271854 0.000274627 5.62847e-06 10.399 1.48873
604 0.0023179 0.000310944 0.000274627 5.62847e-06 10.399 1.48873
605 0.000886372 0.000371557 0.000274627 5.62847e-06 10.399 1.48873
606 0.00276888 0.0010375 0.000274627 5.62847e-06 10.399 1.48873
607 0.00232018 0.000499617 0.000274627 5.62847e-06 10.399 1.48873
608 0.000421318 0.000339167 0.000274627 5.62847e-06 10.399 1.48873
609 0.00167205 0.000938097 0.000274627 5.62847e-06 10.399 1.48873
610 0.000975003 0.000581598 0.000274627 5.62847e-06 10.399 1.48873
611 0.000925413 0.00226978 0.000274627 5.62847e-06 10.399 1.48873
612 0.00136504 0.00393853 0.000274627 5.62847e-06 10.399 1.48873
613 0.000628709 0.000282879 0.000274627 5.62847e-06 10.399 1.48873
614 0.000930935 0.00561029 0.000274627 5.62847e-06 10.399 1.48873
615 0.00172639 0.000515287 0.000274627 5.62847e-06 10.399 1.48873
616 0.000835934 0.000796349 0.000274627 5.62847e-06 10.399 1.48873
617 0.000553135 0.00178172 0.000274627 5.62847e-06 10.399 1.48873
618 0.000590115 0.000489268 0.000274627 5.62847e-06 10.399 1.48873
619 0.00649668 0.00202895 0.000274627 5.62847e-06 10.399 1.48873
620 0.00259376 0.00121762 0.000274627 5.62847e-06 10.399 1.48873
621 0.0006147 0.000641387 0.000274627 5.62847e-06 10.399 1.48873
622 0.000495133 0.000589633 0.000274627 5.62847e-06 10.399 1.48873
623 0.000652426 0.00046492 0.000274627 5.62847e-06 10.399 1.48873
624 0.000380738 0.000309338 0.000274627 5.62847e-06 10.399 1.48873
625 0.000518041 0.00124703 0.000274627 5.62847e-06 10.399 1.48873
626 0.000834664 0.000408747 0.000274627 5.62847e-06 10.399 1.48873
627 0.00065231 0.00033498 0.000274627 5.62847e-06 10.399 1.48873
628 0.00350732 0.000314796 0.000274627 5.62847e-06 10.399 1.48873
629 0.00288089 0.0025807 0.000274627 5.62847e-06 10.399 1.48873
630 0.00188766 0.00112664 0.000274627 5.62847e-06 10.399 1.48873
631 0.000595185 0.00109747 0.000274627 5.62847e-06 10.399 1.48873
632 0.000803311 0.00136307 0.000274627 5.62847e-06 10.399 1.48873
633 0.000578119 0.000574558 0.000274627 5.62847e-06 10.399 1.48873
634 0.000809185 0.00334654 0.000274627 5.62847e-06 10.399 1.48873
635 0.00111712 0.000294862 0.000274627 5.62847e-06 10.399 1.48873
636 0.000605354 0.000821106 0.000274627 5.62847e-06 10.399 1.48873
637 0.00148161 0.000382632 0.000274627 5.62847e-06 10.399 1.48873
638 0.0012178 0.00134856 0.000274627 5.62847e-06 10.399 1.48873
639 0.00140028 0.000349857 0.000274627 5.62847e-06 10.399 1.48873
640 0.000517301 0.0013567 0.000274627 5.62847e-06 10.399 1.48873
641 0.0013231 0.000600017 0.000274627 5.62847e-06 10.399 1.48873
642 0.00352852 0.00233217 0.000274627 5.62847e-06 10.399 1.48873
643 0.00206966 0.000997069 0.000274627 5.62847e-06 10.399 1.48873
644 0.000571768 0.000782642 0.000274627 5.62847e-06 10.399 1.48873
645 0.000775765 0.00042185 0.000274627 5.62847e-06 10.399 1.48873
646 0.000883187 0.00185514 0.000274627 5.62847e-06 10.399 1.48873
647 0.00057676 0.000376618 0.000274627 5.62847e-06 10.399 1.48873
648 0.000647505 0.000344936 0.000274627 5.62847e-06 10.399 1.48873
649 0.000540976 0.00106382 0.000274627 5.62847e-06 10.399 1.48873
650 0.00166651 0.000462851 0.000274627 5.62847e-06 10.399 1.48873
651 0.00156444 0.000362166 0.000274627 5.62847e-06 10.399 1.48873
652 0.00083518 0.000293302 0.000274627 5.62847e-06 10.399 1.48873
653 0.000669113 0.000350445 0.000274627 5.62847e-06 10.399 1.48873
654 0.000595824 0.00059472 0.000274627 5.62847e-06 10.399 1.48873
655 0.00137919 0.00355382 0.000274627 5.62847e-06 10.399 1.48873
656 0.00260914 0.000533608 0.000274627 5.62847e-06 10.399 1.48873
657 0.00150949 0.00246934 0.000274627 5.62847e-06 10.399 1.48873
658 0.000997317 0.00103263 0.000274627 5.62847e-06 10.399 1.48873
659 0.00136254 0.000374751 0.000274627 5.62847e-06 10.399 1.48873
660 0.00149852 0.000281021 0.000274627 5.62847e-06 10.399 1.48873
661 0.0010117 0.00157959 0.000274627 5.62847e-06 10.399 1.48873
662 0.00118866 0.00115633 0.000274627 5.62847e-06 10.399 1.48873
663 0.000548268 0.000705647 0.000274627 5.62847e-06 10.399 1.48873
664 0.00207525 0.000379011 0.000274627 5.62847e-06 10.399 1.48873
665 0.00178061 0.00287046 0.000274627 5.62847e-06 10.399 1.48873
666 0.00117034 0.000678535 0.000274627 5.62847e-06 10.399 1.48873
667 0.000674501 0.00331318 0.000274627 5.62847e-06 10.399 1.48873
668 0.00154067 0.000547371 0.000274627 5.62847e-06 10.399 1.48873
669 0.000265453 0.00033584 0.000274627 5.62847e-06 10.399 1.48873
670 0.000245667 0.000423212 0.000274627 5.62847e-06 10.399 1.48873
671 0.000247021 0.000396666 0.000274627 5.62847e-06 10.399 1.48873
672 0.000328661 0.000330518 0.000274627 5.62847e-06 10.399 1.48873
673 0.000321482 0.000376298 0.000274627 5.62847e-06 10.399 1.48873
674 0.000287518 0.000380188 0.000274627 5.62847e-06 10.399 1.48873
675 0.000245246 0.000239173 0.000274627 5.62847e-06 10.399 1.48873
676 0.000296092 0.000370582 0.000239173 5.59133e-06 9.70457 1.48381
677 0.000248578 0.000523446 0.000239173 5.59133e-06 9.70457 1.48381
678 0.000309099 0.000407553 0.000239173 5.59133e-06 9.70457 1.48381
679 0.000422729 0.00153167 0.000239173 5.59133e-06 9.70457 1.48381
680 0.000398118 0.000341756 0.000239173 5.59133e-06 9.70457 1.48381
681 0.000301661 0.000298967 0.000239173 5.59133e-06 9.70457 1.48381
682 0.0002716 0.000490531 0.000239173 5.59133e-06 9.70457 1.48381
683 0.00025088 0.000292136 0.000239173 5.59133e-06 9.70457 1.48381
684 0.000316447 0.000546993 0.000239173 5.59133e-06 9.70457 1.48381
685 0.000299319 0.000441197 0.000239173 5.59133e-06 9.70457 1.48381
686 0.000312981 0.000686688 0.000239173 5.59133e-06 9.70457 1.48381
687 0.000343883 0.000243469 0.000239173 5.59133e-06 9.70457 1.48381
688 0.000340748 0.000697766 0.000239173 5.59133e-06 9.70457 1.48381
689 0.000321452 0.000334224 0.000239173 5.59133e-06 9.70457 1.48381
690 0.000298094 0.000506265 0.000239173 5.59133e-06 9.70457 1.48381
691 0.000410621 0.000295921 0.000239173 5.59133e-06 9.70457 1.48381
692 0.000283808 0.000482373 0.000239173 5.59133e-06 9.70457 1.48381
693 0.000361223 0.00162482 0.000239173 5.59133e-06 9.70457 1.48381
694 0.000490747 0.000712547 0.000239173 5.59133e-06 9.70457 1.48381
695 0.000463814 0.000267715 0.000239173 5.59133e-06 9.70457 1.48381
696 0.000344889 0.000260477 0.000239173 5.59133e-06 9.70457 1.48381
697 0.00038565 0.000501835 0.000239173 5.59133e-06 9.70457 1.48381
698 0.000354041 0.000346367 0.000239173 5.59133e-06 9.70457 1.48381
699 0.000297391 0.000357096 0.000239173 5.59133e-06 9.70457 1.48381
700 0.000385124 0.000876065 0.000239173 5.59133e-06 9.70457 1.48381
701 0.000343448 0.000890868 0.000239173 5.59133e-06 9.70457 1.48381
702 0.00047391 0.000648406 0.000239173 5.59133e-06 9.70457 1.48381
703 0.000430375 0.000324988 0.000239173 5.59133e-06 9.70457 1.48381
704 0.000308016 0.000379721 0.000239173 5.59133e-06 9.70457 1.48381
705 0.000349417 0.000386278 0.000239173 5.59133e-06 9.70457 1.48381
706 0.000438953 0.00120337 0.000239173 5.59133e-06 9.70457 1.48381
707 0.000454935 0.000369943 0.000239173 5.59133e-06 9.70457 1.48381
708 0.000338055 0.00037366 0.000239173 5.59133e-06 9.70457 1.48381
709 0.000667982 0.000302262 0.000239173 5.59133e-06 9.70457 1.48381
710 0.00052769 0.00103601 0.000239173 5.59133e-06 9.70457 1.48381
711 0.000877259 0.000597872 0.000239173 5.59133e-06 9.70457 1.48381
712 0.000463956 0.000398844 0.000239173 5.59133e-06 9.70457 1.48381
713 0.000715168 0.00148988 0.000239173 5.59133e-06 9.70457 1.48381
714 0.00178375 0.0012291 0.000239173 5.59133e-06 9.70457 1.48381
715 0.000674072 0.000243301 0.000239173 5.59133e-06 9.70457 1.48381
716 0.000359486 0.000344431 0.000239173 5.59133e-06 9.70457 1.48381
717 0.000429609 0.000859698 0.000239173 5.59133e-06 9.70457 1.48381
718 0.000487801 0.000369495 0.000239173 5.59133e-06 9.70457 1.48381
719 0.000390458 0.000311189 0.000239173 5.59133e-06 9.70457 1.48381
720 0.00046571 0.000526961 0.000239173 5.59133e-06 9.70457 1.48381
721 0.000508456 0.000583763 0.000239173 5.59133e-06 9.70457 1.48381
722 0.000438754 0.000569026 0.000239173 5.59133e-06 9.70457 1.48381
723 0.000405648 0.000618718 0.000239173 5.59133e-06 9.70457 1.48381
724 0.000345895 0.000695957 0.000239173 5.59133e-06 9.70457 1.48381
725 0.000404683 0.000246523 0.000239173 5.59133e-06 9.70457 1.48381
726 0.000420442 0.000419714 0.000239173 5.59133e-06 9.70457 1.48381
727 0.000983696 0.00133089 0.000239173 5.59133e-06 9.70457 1.48381
728 0.000755219 0.00046151 0.000239173 5.59133e-06 9.70457 1.48381
729 0.000538164 0.000299977 0.000239173 5.59133e-06 9.70457 1.48381
730 0.000376474 0.000445084 0.000239173 5.59133e-06 9.70457 1.48381
731 0.00030901 0.000301843 0.000239173 5.59133e-06 9.70457 1.48381
732 0.000605056 0.000300588 0.000239173 5.59133e-06 9.70457 1.48381
733 0.000404226 0.000381603 0.000239173 5.59133e-06 9.70457 1.48381
734 0.000518159 0.000894771 0.000239173 5.59133e-06 9.70457 1.48381
735 0.000424019 0.00053856 0.000239173 5.59133e-06 9.70457 1.48381
736 0.000324347 0.000259816 0.000239173 5.59133e-06 9.70457 1.48381
737 0.000622035 0.000482152 0.000239173 5.59133e-06 9.70457 1.48381
738 0.000989862 0.000411638 0.000239173 5.59133e-06 9.70457 1.48381
739 0.000445055 0.000715734 0.000239173 5.59133e-06 9.70457 1.48381
740 0.000553701 0.0011119 0.000239173 5.59133e-06 9.70457 1.48381
741 0.000421909 0.00030438 0.000239173 5.59133e-06 9.70457 1.48381
742 0.000435167 0.000327786 0.000239173 5.59133e-06 9.70457 1.48381
743 0.000630929 0.000345507 0.000239173 5.59133e-06 9.70457 1.48381
744 0.000337451 0.00209656 0.000239173 5.59133e-06 9.70457 1.48381
745 0.000643539 0.000302852 0.000239173 5.59133e-06 9.70457 1.48381
746 0.000393126 0.000405386 0.000239173 5.59133e-06 9.70457 1.48381
747 0.000849433 0.00155114 0.000239173 5.59133e-06 9.70457 1.48381
748 0.000750346 0.000251879 0.000239173 5.59133e-06 9.70457 1.48381
749 0.000448503 0.000665389 0.000239173 5.59133e-06 9.70457 1.48381
750 0.000482791 0.000447149 0.000239173 5.59133e-06 9.70457 1.48381
751 0.000401675 0.000722015 0.000239173 5.59133e-06 9.70457 1.48381
752 0.00059387 0.000457866 0.000239173 5.59133e-06 9.70457 1.48381
753 0.0010198 0.000364772 0.000239173 5.59133e-06 9.70457 1.48381
754 0.000831433 0.000369556 0.000239173 5.59133e-06 9.70457 1.48381
755 0.000646073 0.00035517 0.000239173 5.59133e-06 9.70457 1.48381
756 0.000319712 0.000461688 0.000239173 5.59133e-06 9.70457 1.48381
757 0.000537193 0.00105327 0.000239173 5.59133e-06 9.70457 1.48381
758 0.000574175 0.000810185 0.000239173 5.59133e-06 9.70457 1.48381
759 0.000376629 0.000684129 0.000239173 5.59133e-06 9.70457 1.48381
760 0.000318597 0.000358771 0.000239173 5.59133e-06 9.70457 1.48381
761 0.000316378 0.000236102 0.000239173 5.59133e-06 9.70457 1.48381
762 0.00049524 0.000516393 0.000236102 5.40434e-06 9.64206 1.45879
763 0.000341757 0.000386477 0.000236102 5.40434e-06 9.64206 1.45879
764 0.000442182 0.000316718 0.000236102 5.40434e-06 9.64206 1.45879
765 0.000552045 0.00145739 0.000236102 5.40434e-06 9.64206 1.45879
766 0.000454344 0.00032507 0.000236102 5.40434e-06 9.64206 1.45879
767 0.000464028 0.000303101 0.000236102 5.40434e-06 9.64206 1.45879
768 0.000416127 0.00072563 0.000236102 5.40434e-06 9.64206 1.45879
769 0.000745385 0.000327989 0.000236102 5.40434e-06 9.64206 1.45879
770 0.00184513 0.000913198 0.000236102 5.40434e-06 9.64206 1.45879
771 0.000434102 0.000301123 0.000236102 5.40434e-06 9.64206 1.45879
772 0.00037593 0.000883637 0.000236102 5.40434e-06 9.64206 1.45879
773 0.00165771 0.00105494 0.000236102 5.40434e-06 9.64206 1.45879
774 0.00063832 0.000340069 0.000236102 5.40434e-06 9.64206 1.45879
775 0.000634365 0.000615258 0.000236102 5.40434e-06 9.64206 1.45879
776 0.00073461 0.000421899 0.000236102 5.40434e-06 9.64206 1.45879
777 0.000382454 0.00047502 0.000236102 5.40434e-06 9.64206 1.45879
778 0.000385713 0.000361029 0.000236102 5.40434e-06 9.64206 1.45879
779 0.000271006 0.000316443 0.000236102 5.40434e-06 9.64206 1.45879
780 0.000266635 0.00053643 0.000236102 5.40434e-06 9.64206 1.45879
781 0.000422187 0.000518039 0.000236102 5.40434e-06 9.64206 1.45879
782 0.000507756 0.000388011 0.000236102 5.40434e-06 9.64206 1.45879
783 0.000562771 0.000440327 0.000236102 5.40434e-06 9.64206 1.45879
784 0.000514768 0.00125866 0.000236102 5.40434e-06 9.64206 1.45879
785 0.000606028 0.000587358 0.000236102 5.40434e-06 9.64206 1.45879
786 0.000361544 0.000332876 0.000236102 5.40434e-06 9.64206 1.45879
787 0.000711973 0.000923773 0.000236102 5.40434e-06 9.64206 1.45879
788 0.000870067 0.0011975 0.000236102 5.40434e-06 9.64206 1.45879
789 0.000900267 0.000910035 0.000236102 5.40434e-06 9.64206 1.45879
790 0.000380416 0.000585482 0.000236102 5.40434e-06 9.64206 1.45879
791 0.000434801 0.000609536 0.000236102 5.40434e-06 9.64206 1.45879
792 0.000258832 0.000348327 0.000236102 5.40434e-06 9.64206 1.45879
793 0.000533166 0.000796746 0.000236102 5.40434e-06 9.64206 1.45879
794 0.000551355 0.000369117 0.000236102 5.40434e-06 9.64206 1.45879
795 0.000382996 0.000327933 0.000236102 5.40434e-06 9.64206 1.45879
796 0.00035941 0.000564744 0.000236102 5.40434e-06 9.64206 1.45879
797 0.000338429 0.000302111 0.000236102 5.40434e-06 9.64206 1.45879
798 0.000354037 0.00175825 0.000236102 5.40434e-06 9.64206 1.45879
799 0.000902095 0.000363636 0.000236102 5.40434e-06 9.64206 1.45879
800 0.000278231 0.00027594 0.000236102 5.40434e-06 9.64206 1.45879
801 0.000486034 0.000561123 0.000236102 5.40434e-06 9.64206 1.45879
802 0.000373804 0.000456798 0.000236102 5.40434e-06 9.64206 1.45879
803 0.000532861 0.000267253 0.000236102 5.40434e-06 9.64206 1.45879
804 0.000856045 0.000754154 0.000236102 5.40434e-06 9.64206 1.45879
805 0.000429599 0.00120095 0.000236102 5.40434e-06 9.64206 1.45879
806 0.000665293 0.000256405 0.000236102 5.40434e-06 9.64206 1.45879
807 0.00110472 0.00190874 0.000236102 5.40434e-06 9.64206 1.45879
808 0.000762241 0.000472663 0.000236102 5.40434e-06 9.64206 1.45879
809 0.000511633 0.000402061 0.000236102 5.40434e-06 9.64206 1.45879
810 0.000569001 0.000782866 0.000236102 5.40434e-06 9.64206 1.45879
811 0.000390823 0.000669555 0.000236102 5.40434e-06 9.64206 1.45879
812 0.000370719 0.000782106 0.000236102 5.40434e-06 9.64206 1.45879
813 0.000401399 0.000549834 0.000236102 5.40434e-06 9.64206 1.45879
814 0.000555725 0.000823083 0.000236102 5.40434e-06 9.64206 1.45879
815 0.000681928 0.000293925 0.000236102 5.40434e-06 9.64206 1.45879
816 0.000335686 0.000483936 0.000236102 5.40434e-06 9.64206 1.45879
817 0.000502179 0.000653618 0.000236102 5.40434e-06 9.64206 1.45879
818 0.000537107 0.000370229 0.000236102 5.40434e-06 9.64206 1.45879
819 0.000399815 0.000403436 0.000236102 5.40434e-06 9.64206 1.45879
820 0.000407236 0.000282977 0.000236102 5.40434e-06 9.64206 1.45879
821 0.000402612 0.000272039 0.000236102 5.40434e-06 9.64206 1.45879
822 0.00126735 0.000372599 0.000236102 5.40434e-06 9.64206 1.45879
823 0.000350759 0.000352325 0.000236102 5.40434e-06 9.64206 1.45879
824 0.000310653 0.000358695 0.000236102 5.40434e-06 9.64206 1.45879
825 0.000376217 0.000415822 0.000236102 5.40434e-06 9.64206 1.45879
826 0.000274381 0.00033489 0.000236102 5.40434e-06 9.64206 1.45879
827 0.000350797 0.000319068 0.000236102 5.40434e-06 9.64206 1.45879
828 0.000341845 0.000361897 0.000236102 5.40434e-06 9.64206 1.45879
829 0.000672684 0.000487018 0.000236102 5.40434e-06 9.64206 1.45879
830 0.000843214 0.000635414 0.000236102 5.40434e-06 9.64206 1.45879
831 0.000456178 0.000304727 0.000236102 5.40434e-06 9.64206 1.45879
832 0.000388175 0.000328881 0.000236102 5.40434e-06 9.64206 1.45879
833 0.000489134 0.000331196 0.000236102 5.40434e-06 9.64206 1.45879
834 0.000393616 0.000315998 0.000236102 5.40434e-06 9.64206 1.45879
835 0.000680799 0.00063714 0.000236102 5.40434e-06 9.64206 1.45879
836 0.000750801 0.000526817 0.000236102 5.40434e-06 9.64206 1.45879
837 0.000733129 0.00104824 0.000236102 5.40434e-06 9.64206 1.45879
838 0.000543491 0.000886953 0.000236102 5.40434e-06 9.64206 1.45879
839 0.00103716 0.000367302 0.000236102 5.40434e-06 9.64206 1.45879
840 0.000329686 0.000283123 0.000236102 5.40434e-06 9.64206 1.45879
841 0.000349849 0.00065403 0.000236102 5.40434e-06 9.64206 1.45879
842 0.000535262 0.000420429 0.000236102 5.40434e-06 9.64206 1.45879
843 0.000487331 0.000363245 0.000236102 5.40434e-06 9.64206 1.45879
844 0.000402941 0.00109321 0.000236102 5.40434e-06 9.64206 1.45879
845 0.00111394 0.000266837 0.000236102 5.40434e-06 9.64206 1.45879
846 0.000437977 0.000331167 0.000236102 5.40434e-06 9.64206 1.45879
847 0.000798223 0.00140024 0.000236102 5.40434e-06 9.64206 1.45879
848 0.000840781 0.00399757 0.000236102 5.40434e-06 9.64206 1.45879
849 0.000634656 0.000386293 0.000236102 5.40434e-06 9.64206 1.45879
850 0.00041468 0.00035257 0.000236102 5.40434e-06 9.64206 1.45879
851 0.000313032 0.000257336 0.000236102 5.40434e-06 9.64206 1.45879
852 0.000328563 0.000557237 0.000236102 5.40434e-06 9.64206 1.45879
853 0.000776182 0.00110498 0.000236102 5.40434e-06 9.64206 1.45879
854 0.000489089 0.00090526 0.000236102 5.40434e-06 9.64206 1.45879
855 0.000505541 0.00101159 0.000236102 5.40434e-06 9.64206 1.45879
856 0.000401051 0.000307234 0.000236102 5.40434e-06 9.64206 1.45879
857 0.000320137 0.00077281 0.000236102 5.40434e-06 9.64206 1.45879
858 0.000333459 0.000304434 0.000236102 5.40434e-06 9.64206 1.45879
859 0.000982592 0.000705106 0.000236102 5.40434e-06 9.64206 1.45879
860 0.000377117 0.000544177 0.000236102 5.40434e-06 9.64206 1.45879
861 0.0003716 0.000327848 0.000236102 5.40434e-06 9.64206 1.45879
862 0.000240357 0.000389033 0.000236102 5.40434e-06 9.64206 1.45879
863 0.000262467 0.000302615 0.000236102 5.40434e-06 9.64206 1.45879
864 0.000240537 0.000328538 0.000236102 5.40434e-06 9.64206 1.45879
865 0.000236079 0.000232516 0.000236102 5.40434e-06 9.64206 1.45879
866 0.000222979 0.000276484 0.000232516 5.21172e-06 9.56856 1.43255
867 0.000236933 0.000284811 0.000232516 5.21172e-06 9.56856 1.43255
868 0.000251821 0.000285507 0.000232516 5.21172e-06 9.56856 1.43255
869 0.000247026 0.000400353 0.000232516 5.21172e-06 9.56856 1.43255
870 0.00024058 0.000330254 0.000232516 5.21172e-06 9.56856 1.43255
871 0.000256663 0.000428243 0.000232516 5.21172e-06 9.56856 1.43255
872 0.000303921 0.000272684 0.000232516 5.21172e-06 9.56856 1.43255
873 0.000239249 0.000367837 0.000232516 5.21172e-06 9.56856 1.43255
874 0.000277102 0.000330154 0.000232516 5.21172e-06 9.56856 1.43255
875 0.000246373 0.000380165 0.000232516 5.21172e-06 9.56856 1.43255
876 0.000229118 0.000307454 0.000232516 5.21172e-06 9.56856 1.43255
877 0.000279234 0.000333284 0.000232516 5.21172e-06 9.56856 1.43255
878 0.000279281 0.000364869 0.000232516 5.21172e-06 9.56856 1.43255
879 0.00027191 0.00025514 0.000232516 5.21172e-06 9.56856 1.43255
880 0.000238332 0.000329759 0.000232516 5.21172e-06 9.56856 1.43255
881 0.000285389 0.000315362 0.000232516 5.21172e-06 9.56856 1.43255
882 0.00023368 0.000325292 0.000232516 5.21172e-06 9.56856 1.43255
883 0.00023954 0.000270699 0.000232516 5.21172e-06 9.56856 1.43255
884 0.000261667 0.000500324 0.000232516 5.21172e-06 9.56856 1.43255
885 0.000291841 0.000368084 0.000232516 5.21172e-06 9.56856 1.43255
886 0.000264095 0.000305387 0.000232516 5.21172e-06 9.56856 1.43255
887 0.000265377 0.000340724 0.000232516 5.21172e-06 9.56856 1.43255
888 0.000323951 0.000649788 0.000232516 5.21172e-06 9.56856 1.43255
889 0.000338526 0.000417019 0.000232516 5.21172e-06 9.56856 1.43255
890 0.000249718 0.000436497 0.000232516 5.21172e-06 9.56856 1.43255
891 0.000295228 0.000552368 0.000232516 5.21172e-06 9.56856 1.43255
892 0.000329485 0.000548153 0.000232516 5.21172e-06 9.56856 1.43255
893 0.000430448 0.000293067 0.000232516 5.21172e-06 9.56856 1.43255
894 0.000303108 0.000418096 0.000232516 5.21172e-06 9.56856 1.43255
895 0.000249685 0.000274708 0.000232516 5.21172e-06 9.56856 1.43255
896 0.000256649 0.000328396 0.000232516 5.21172e-06 9.56856 1.43255
897 0.000283992 0.000401526 0.000232516 5.21172e-06 9.56856 1.43255
898 0.000279761 0.000363383 0.000232516 5.21172e-06 9.56856 1.43255
899 0.000370725 0.000512048 0.000232516 5.21172e-06 9.56856 1.43255
900 0.00032985 0.00025725 0.000232516 5.21172e-06 9.56856 1.43255
901 0.000322047 0.000353479 0.000232516 5.21172e-06 9.56856 1.43255
902 0.000315715 0.000297182 0.000232516 5.21172e-06 9.56856 1.43255
903 0.000288985 0.000787693 0.000232516 5.21172e-06 9.56856 1.43255
904 0.000397526 0.000449895 0.000232516 5.21172e-06 9.56856 1.43255
905 0.00055551 0.000371597 0.000232516 5.21172e-06 9.56856 1.43255
906 0.00035519 0.000309582 0.000232516 5.21172e-06 9.56856 1.43255
907 0.000239371 0.000262449 0.000232516 5.21172e-06 9.56856 1.43255
908 0.000301434 0.000264225 0.000232516 5.21172e-06 9.56856 1.43255
909 0.000398386 0.000458058 0.000232516 5.21172e-06 9.56856 1.43255
910 0.000281089 0.000318796 0.000232516 5.21172e-06 9.56856 1.43255
911 0.00035986 0.00033499 0.000232516 5.21172e-06 9.56856 1.43255
912 0.000292086 0.000443196 0.000232516 5.21172e-06 9.56856 1.43255
913 0.000303043 0.000336236 0.000232516 5.21172e-06 9.56856 1.43255
914 0.000299218 0.000279234 0.000232516 5.21172e-06 9.56856 1.43255
915 0.000311918 0.000311641 0.000232516 5.21172e-06 9.56856 1.43255
916 0.00024945 0.000348104 0.000232516 5.21172e-06 9.56856 1.43255
917 0.000348828 0.000323383 0.000232516 5.21172e-06 9.56856 1.43255
918 0.000288497 0.000658957 0.000232516 5.21172e-06 9.56856 1.43255
919 0.000274564 0.000282714 0.000232516 5.21172e-06 9.56856 1.43255
920 0.000280773 0.000311188 0.000232516 5.21172e-06 9.56856 1.43255
921 0.000252622 0.000314083 0.000232516 5.21172e-06 9.56856 1.43255
922 0.000242876 0.000319161 0.000232516 5.21172e-06 9.56856 1.43255
923 0.00039539 0.000573135 0.000232516 5.21172e-06 9.56856 1.43255
924 0.000444005 0.000314613 0.000232516 5.21172e-06 9.56856 1.43255
925 0.000435037 0.000308114 0.000232516 5.21172e-06 9.56856 1.43255
926 0.000436098 0.000305817 0.000232516 5.21172e-06 9.56856 1.43255
927 0.000412908 0.000288812 0.000232516 5.21172e-06 9.56856 1.43255
928 0.000389016 0.000267605 0.000232516 5.21172e-06 9.56856 1.43255
929 0.000376028 0.000256505 0.000232516 5.21172e-06 9.56856 1.43255
930 0.000305171 0.000428393 0.000232516 5.21172e-06 9.56856 1.43255
931 0.000272628 0.000788731 0.000232516 5.21172e-06 9.56856 1.43255
932 0.000282347 0.000370672 0.000232516 5.21172e-06 9.56856 1.43255
933 0.000266963 0.000365296 0.000232516 5.21172e-06 9.56856 1.43255
934 0.000286433 0.00042537 0.000232516 5.21172e-06 9.56856 1.43255
935 0.000287451 0.000319506 0.000232516 5.21172e-06 9.56856 1.43255
936 0.000287702 0.000301924 0.000232516 5.21172e-06 9.56856 1.43255
937 0.000305726 0.000332993 0.000232516 5.21172e-06 9.56856 1.43255
938 0.000348208 0.000427357 0.000232516 5.21172e-06 9.56856 1.43255
939 0.000390464 0.000364738 0.000232516 5.21172e-06 9.56856 1.43255
940 0.000256299 0.000391881 0.000232516 5.21172e-06 9.56856 1.43255
941 0.00024647 0.000303783 0.000232516 5.21172e-06 9.56856 1.43255
942 0.00026875 0.000337617 0.000232516 5.21172e-06 9.56856 1.43255
943 0.000335383 0.000361963 0.000232516 5.21172e-06 9.56856 1.43255
944 0.000329752 0.000429519 0.000232516 5.21172e-06 9.56856 1.43255
945 0.00028149 0.000405325 0.000232516 5.21172e-06 9.56856 1.43255
946 0.000312102 0.000318675 0.000232516 5.21172e-06 9.56856 1.43255
947 0.000300896 0.000346181 0.000232516 5.21172e-06 9.56856 1.43255
948 0.000291983 0.000293115 0.000232516 5.21172e-06 9.56856 1.43255
949 0.000335462 0.000341356 0.000232516 5.21172e-06 9.56856 1.43255
950 0.000263465 0.000482599 0.000232516 5.21172e-06 9.56856 1.43255
951 0.000316781 0.000389794 0.000232516 5.21172e-06 9.56856 1.43255
952 0.000412928 0.000406623 0.000232516 5.21172e-06 9.56856 1.43255
953 0.000284532 0.000589398 0.000232516 5.21172e-06 9.56856 1.43255
954 0.00034251 0.000387958 0.000232516 5.21172e-06 9.56856 1.43255
955 0.00029259 0.000339039 0.000232516 5.21172e-06 9.56856 1.43255
956 0.000247328 0.000760589 0.000232516 5.21172e-06 9.56856 1.43255
957 0.00044077 0.000298812 0.000232516 5.21172e-06 9.56856 1.43255
958 0.000295835 0.000328699 0.000232516 5.21172e-06 9.56856 1.43255
959 0.000312956 0.000583147 0.000232516 5.21172e-06 9.56856 1.43255
960 0.000294986 0.000561959 0.000232516 5.21172e-06 9.56856 1.43255
961 0.000321572 0.000286725 0.000232516 5.21172e-06 9.56856 1.43255
962 0.000251444 0.000393678 0.000232516 5.21172e-06 9.56856 1.43255
963 0.000281638 0.000473384 0.000232516 5.21172e-06 9.56856 1.43255
964 0.000466504 0.000284597 0.000232516 5.21172e-06 9.56856 1.43255
965 0.000303419 0.000269414 0.000232516 5.21172e-06 9.56856 1.43255
966 0.000233751 0.000273343 0.000232516 5.21172e-06 9.56856 1.43255
967 0.000227898 0.000377177 0.000232516 5.21172e-06 9.56856 1.43255
968 0.000272684 0.000390183 0.000232516 5.21172e-06 9.56856 1.43255
969 0.00021904 0.000281411 0.000232516 5.21172e-06 9.56856 1.43255
970 0.000228173 0.000272112 0.000232516 5.21172e-06 9.56856 1.43255
971 0.000233814 0.000325281 0.000232516 5.21172e-06 9.56856 1.43255
972 0.000230169 0.000320522 0.000232516 5.21172e-06 9.56856 1.43255
973 0.000222033 0.00026445 0.000232516 5.21172e-06 9.56856 1.43255
974 0.000267854 0.000281921 0.000232516 5.21172e-06 9.56856 1.43255
975 0.000219672 0.000297928 0.000232516 5.21172e-06 9.56856 1.43255
976 0.000218412 0.000288202 0.000232516 5.21172e-06 9.56856 1.43255
977 0.000257466 0.000259934 0.000232516 5.21172e-06 9.56856 1.43255
978 0.000233479 0.000325271 0.000232516 5.21172e-06 9.56856 1.43255
979 0.000245118 0.000407682 0.000232516 5.21172e-06 9.56856 1.43255
980 0.000227566 0.000280366 0.000232516 5.21172e-06 9.56856 1.43255
981 0.000231771 0.000405981 0.000232516 5.21172e-06 9.56856 1.43255
982 0.000245144 0.000394898 0.000232516 5.21172e-06 9.56856 1.43255
983 0.000257581 0.000413009 0.000232516 5.21172e-06 9.56856 1.43255
984 0.000248494 0.000298909 0.000232516 5.21172e-06 9.56856 1.43255
985 0.000242456 0.00041947 0.000232516 5.21172e-06 9.56856 1.43255
986 0.000260904 0.000504437 0.000232516 5.21172e-06 9.56856 1.43255
987 0.000259819 0.000290891 0.000232516 5.21172e-06 9.56856 1.43255
988 0.000289449 0.000452012 0.000232516 5.21172e-06 9.56856 1.43255
989 0.000269383 0.000519352 0.000232516 5.21172e-06 9.56856 1.43255
990 0.000319543 0.000292311 0.000232516 5.21172e-06 9.56856 1.43255
991 0.000234515 0.000416639 0.000232516 5.21172e-06 9.56856 1.43255
992 0.000320036 0.000283061 0.000232516 5.21172e-06 9.56856 1.43255
993 0.000333471 0.000457327 0.000232516 5.21172e-06 9.56856 1.43255
994 0.000264471 0.000344194 0.000232516 5.21172e-06 9.56856 1.43255
995 0.00023845 0.000314697 0.000232516 5.21172e-06 9.56856 1.43255
996 0.000233771 0.000297206 0.000232516 5.21172e-06 9.56856 1.43255
997 0.000219088 0.000321375 0.000232516 5.21172e-06 9.56856 1.43255
998 0.000227368 0.00025635 0.000232516 5.21172e-06 9.56856 1.43255
999 0.000224505 0.000312021 0.000232516 5.21172e-06 9.56856 1.43255
1000 0.000235817 0.000284131 0.000232516 5.21172e-06 9.56856 1.43255
1001 0.000236954 0.000515971 0.000232516 5.21172e-06 9.56856 1.43255
1002 0.000230692 0.000239362 0.000232516 5.21172e-06 9.56856 1.43255
1003 0.000224434 0.000254697 0.000232516 5.21172e-06 9.56856 1.43255
1004 0.00024211 0.000328054 0.000232516 5.21172e-06 9.56856 1.43255
1005 0.00024311 0.00050723 0.000232516 5.21172e-06 9.56856 1.43255
1006 0.000285468 0.000316217 0.000232516 5.21172e-06 9.56856 1.43255
1007 0.00024292 0.000292114 0.000232516 5.21172e-06 9.56856 1.43255
1008 0.000229832 0.000457306 0.000232516 5.21172e-06 9.56856 1.43255
1009 0.000248813 0.000308658 0.000232516 5.21172e-06 9.56856 1.43255
1010 0.000247353 0.000309048 0.000232516 5.21172e-06 9.56856 1.43255
1011 0.000276938 0.000319567 0.000232516 5.21172e-06 9.56856 1.43255
1012 0.000287519 0.000325801 0.000232516 5.21172e-06 9.56856 1.43255
1013 0.000243637 0.000252003 0.000232516 5.21172e-06 9.56856 1.43255
1014 0.000228293 0.000250907 0.000232516 5.21172e-06 9.56856 1.43255
1015 0.000274047 0.00034752 0.000232516 5.21172e-06 9.56856 1.43255
1016 0.000252747 0.000406141 0.000232516 5.21172e-06 9.56856 1.43255
1017 0.000242747 0.000287852 0.000232516 5.21172e-06 9.56856 1.43255
1018 0.000241701 0.000383425 0.000232516 5.21172e-06 9.56856 1.43255
1019 0.000238817 0.000349268 0.000232516 5.21172e-06 9.56856 1.43255
1020 0.000236258 0.00025229 0.000232516 5.21172e-06 9.56856 1.43255
1021 0.000228597 0.000335506 0.000232516 5.21172e-06 9.56856 1.43255
1022 0.000232201 0.000248534 0.000232516 5.21172e-06 9.56856 1.43255
1023 0.000287772 0.000379843 0.000232516 5.21172e-06 9.56856 1.43255
1024 0.000308716 0.000252381 0.000232516 5.21172e-06 9.56856 1.43255
1025 0.000283014 0.000320288 0.000232516 5.21172e-06 9.56856 1.43255
1026 0.000238317 0.000405405 0.000232516 5.21172e-06 9.56856 1.43255
1027 0.000238661 0.000353912 0.000232516 5.21172e-06 9.56856 1.43255
1028 0.000234695 0.000264589 0.000232516 5.21172e-06 9.56856 1.43255
1029 0.00022944 0.000309598 0.000232516 5.21172e-06 9.56856 1.43255
1030 0.000228612 0.000326188 0.000232516 5.21172e-06 9.56856 1.43255
1031 0.000244261 0.000304912 0.000232516 5.21172e-06 9.56856 1.43255
1032 0.000244242 0.000441262 0.000232516 5.21172e-06 9.56856 1.43255
1033 0.000249218 0.000425198 0.000232516 5.21172e-06 9.56856 1.43255
1034 0.000272544 0.000407416 0.000232516 5.21172e-06 9.56856 1.43255
1035 0.000252474 0.00033021 0.000232516 5.21172e-06 9.56856 1.43255
1036 0.000263719 0.000417425 0.000232516 5.21172e-06 9.56856 1.43255
1037 0.000273734 0.00030529 0.000232516 5.21172e-06 9.56856 1.43255
1038 0.00028711 0.000472681 0.000232516 5.21172e-06 9.56856 1.43255
1039 0.00024295 0.000422986 0.000232516 5.21172e-06 9.56856 1.43255
1040 0.000237295 0.000280363 0.000232516 5.21172e-06 9.56856 1.43255
1041 0.00032658 0.000420704 0.000232516 5.21172e-06 9.56856 1.43255
1042 0.000296759 0.000259841 0.000232516 5.21172e-06 9.56856 1.43255
1043 0.000306434 0.000332067 0.000232516 5.21172e-06 9.56856 1.43255
1044 0.000257248 0.000375721 0.000232516 5.21172e-06 9.56856 1.43255
1045 0.00024486 0.000335713 0.000232516 5.21172e-06 9.56856 1.43255
1046 0.000268105 0.000391395 0.000232516 5.21172e-06 9.56856 1.43255
1047 0.000259045 0.00036545 0.000232516 5.21172e-06 9.56856 1.43255
1048 0.00023781 0.000309789 0.000232516 5.21172e-06 9.56856 1.43255
1049 0.00022991 0.00030827 0.000232516 5.21172e-06 9.56856 1.43255
1050 0.000252567 0.000580554 0.000232516 5.21172e-06 9.56856 1.43255
1051 0.000278845 0.0003765 0.000232516 5.21172e-06 9.56856 1.43255
1052 0.000293538 0.000299973 0.000232516 5.21172e-06 9.56856 1.43255
1053 0.000233564 0.000325857 0.000232516 5.21172e-06 9.56856 1.43255
1054 0.000234828 0.000286732 0.000232516 5.21172e-06 9.56856 1.43255
1055 0.000265251 0.000402292 0.000232516 5.21172e-06 9.56856 1.43255
1056 0.000241133 0.000383739 0.000232516 5.21172e-06 9.56856 1.43255
1057 0.000226046 0.000397506 0.000232516 5.21172e-06 9.56856 1.43255
1058 0.00024159 0.000359604 0.000232516 5.21172e-06 9.56856 1.43255
1059 0.000228275 0.000270421 0.000232516 5.21172e-06 9.56856 1.43255
1060 0.000240877 0.000401042 0.000232516 5.21172e-06 9.56856 1.43255
1061 0.000312037 0.000271609 0.000232516 5.21172e-06 9.56856 1.43255
1062 0.000247116 0.000309269 0.000232516 5.21172e-06 9.56856 1.43255
1063 0.000257237 0.00037636 0.000232516 5.21172e-06 9.56856 1.43255
1064 0.000249383 0.00024623 0.000232516 5.21172e-06 9.56856 1.43255
1065 0.000243307 0.000352585 0.000232516 5.21172e-06 9.56856 1.43255
