1 38.2623 1.85082 1.79769e+308 1.79769e+308 inf inf
2 0.573706 0.244351 1.79769e+308 1.79769e+308 inf inf
3 0.150478 0.11165 0.244351 0.00533453 310.19 45.832
4 0.0834391 0.0872686 0.11165 0.00329098 209.677 35.9984
5 0.0555196 0.0425373 0.0872686 0.00213567 185.374 28.9993
6 0.0350319 0.0263905 0.0425373 0.00149016 129.421 24.2235
7 0.0260843 0.016593 0.0263905 0.00107122 101.94 20.5381
8 0.0168528 0.0118939 0.016593 0.000858372 80.8319 18.3848
9 0.0157033 0.0164166 0.0118939 0.000642876 68.4355 15.9105
10 0.0183452 0.0154698 0.0118939 0.000642876 68.4355 15.9105
11 0.0147682 0.00628861 0.0118939 0.000642876 68.4355 15.9105
12 0.00723824 0.00535124 0.00628861 0.000366598 49.762 12.0148
13 0.00751191 0.00765304 0.00535124 0.000308443 45.9037 11.0207
14 0.0169609 0.0169302 0.00535124 0.000308443 45.9037 11.0207
15 0.00846013 0.0162045 0.00535124 0.000308443 45.9037 11.0207
16 0.0174695 0.0497074 0.00535124 0.000308443 45.9037 11.0207
17 0.0227229 0.00660327 0.00535124 0.000308443 45.9037 11.0207
18 0.00643252 0.00877652 0.00535124 0.000308443 45.9037 11.0207
19 0.00920358 0.0429777 0.00535124 0.000308443 45.9037 11.0207
20 0.0172696 0.00495582 0.00535124 0.000308443 45.9037 11.0207
21 0.0244161 0.0441072 0.00495582 0.000132221 44.1751 7.21557
22 0.0179367 0.0115222 0.00495582 0.000132221 44.1751 7.21557
23 0.0100929 0.00669886 0.00495582 0.000132221 44.1751 7.21557
24 0.0243194 0.0191473 0.00495582 0.000132221 44.1751 7.21557
25 0.0197172 0.0357365 0.00495582 0.000132221 44.1751 7.21557
26 0.0926476 0.173525 0.00495582 0.000132221 44.1751 7.21557
27 0.0535378 0.00479823 0.00495582 0.000132221 44.1751 7.21557
28 0.00986068 0.0159059 0.00479823 8.1028e-05 43.4671 5.64856
29 0.00917201 0.0103963 0.00479823 8.1028e-05 43.4671 5.64856
30 0.0145303 0.00506321 0.00479823 8.1028e-05 43.4671 5.64856
31 0.054677 0.323723 0.00479823 8.1028e-05 43.4671 5.64856
32 0.0650853 0.0351801 0.00479823 8.1028e-05 43.4671 5.64856
33 0.101269 0.00411847 0.00479823 8.1028e-05 43.4671 5.64856
34 0.00677621 0.00391651 0.00411847 7.97496e-05 40.2706 5.60383
35 0.22944 0.0317065 0.00391651 5.89573e-05 39.2708 4.81825
36 0.127833 0.00224874 0.00391651 5.89573e-05 39.2708 4.81825
37 0.00545805 0.00420906 0.00224874 7.44672e-05 29.7571 5.41505
38 0.00292193 0.00442023 0.00224874 7.44672e-05 29.7571 5.41505
39 0.00289965 0.00329003 0.00224874 7.44672e-05 29.7571 5.41505
40 0.00557975 0.0893786 0.00224874 7.44672e-05 29.7571 5.41505
41 0.0863511 0.00192209 0.00224874 7.44672e-05 29.7571 5.41505
42 0.0258928 0.00972764 0.00192209 4.93094e-05 27.5111 4.40641
43 0.0202203 0.0152382 0.00192209 4.93094e-05 27.5111 4.40641
44 0.0209819 0.0592233 0.00192209 4.93094e-05 27.5111 4.40641
45 0.10223 0.180222 0.00192209 4.93094e-05 27.5111 4.40641
46 0.0790175 0.00415357 0.00192209 4.93094e-05 27.5111 4.40641
47 0.0172429 0.194189 0.00192209 4.93094e-05 27.5111 4.40641
48 0.0874202 0.0274974 0.00192209 4.93094e-05 27.5111 4.40641
49 0.0688962 0.0100225 0.00192209 4.93094e-05 27.5111 4.40641
50 0.0136337 0.00351113 0.00192209 4.93094e-05 27.5111 4.40641
51 0.0382741 0.0380245 0.00192209 4.93094e-05 27.5111 4.40641
52 0.356684 0.0303536 0.00192209 4.93094e-05 27.5111 4.40641
53 0.006955 0.00400997 0.00192209 4.93094e-05 27.5111 4.40641
54 0.00369835 0.00247195 0.00192209 4.93094e-05 27.5111 4.40641
55 0.0100518 0.0183547 0.00192209 4.93094e-05 27.5111 4.40641
56 0.0205824 0.00140081 0.00192209 4.93094e-05 27.5111 4.40641
57 0.0251725 0.0360524 0.00140081 5.84304e-05 23.4861 4.79667
58 0.0585802 0.00104036 0.00140081 5.84304e-05 23.4861 4.79667
59 0.0266027 0.580919 0.00104036 3.81087e-05 20.2401 3.87376
60 0.200074 0.205001 0.00104036 3.81087e-05 20.2401 3.87376
61 0.050391 0.0069867 0.00104036 3.81087e-05 20.2401 3.87376
62 0.0750213 0.203916 0.00104036 3.81087e-05 20.2401 3.87376
63 0.0498425 0.00389289 0.00104036 3.81087e-05 20.2401 3.87376
64 0.0150638 0.0207033 0.00104036 3.81087e-05 20.2401 3.87376
65 0.087917 0.10166 0.00104036 3.81087e-05 20.2401 3.87376
66 0.0748727 0.00103215 0.00104036 3.81087e-05 20.2401 3.87376
67 0.00266938 0.012307 0.00104036 3.81087e-05 20.2401 3.87376
68 0.0680202 0.0449458 0.00104036 3.81087e-05 20.2401 3.87376
69 0.0662346 0.696347 0.00104036 3.81087e-05 20.2401 3.87376
70 0.0646692 0.395556 0.00104036 3.81087e-05 20.2401 3.87376
71 0.116853 0.116637 0.00104036 3.81087e-05 20.2401 3.87376
72 0.236352 0.00898227 0.00104036 3.81087e-05 20.2401 3.87376
73 0.0173344 0.00549567 0.00104036 3.81087e-05 20.2401 3.87376
74 0.00235326 0.000829873 0.00104036 3.81087e-05 20.2401 3.87376
75 0.00199392 0.0030227 0.000829873 3.46736e-05 18.077 3.69505
76 0.00333691 0.00948945 0.000829873 3.46736e-05 18.077 3.69505
77 0.0511714 0.128789 0.000829873 3.46736e-05 18.077 3.69505
78 0.689643 0.222011 0.000829873 3.46736e-05 18.077 3.69505
79 0.0377429 0.00893116 0.000829873 3.46736e-05 18.077 3.69505
80 0.00230721 0.00263437 0.000829873 3.46736e-05 18.077 3.69505
81 0.00141158 0.00196593 0.000829873 3.46736e-05 18.077 3.69505
82 0.00138059 0.00262805 0.000829873 3.46736e-05 18.077 3.69505
83 0.00190977 0.000669864 0.000829873 3.46736e-05 18.077 3.69505
84 0.00181547 0.000722492 0.000669864 3.31602e-05 16.241 3.61351
85 0.00197329 0.00899668 0.000669864 3.31602e-05 16.241 3.61351
86 0.0210552 0.105607 0.000669864 3.31602e-05 16.241 3.61351
87 0.0549015 0.0118625 0.000669864 3.31602e-05 16.241 3.61351
88 0.0592289 0.0143741 0.000669864 3.31602e-05 16.241 3.61351
89 0.0252766 0.0254033 0.000669864 3.31602e-05 16.241 3.61351
90 0.123355 0.290818 0.000669864 3.31602e-05 16.241 3.61351
91 0.129475 0.00223745 0.000669864 3.31602e-05 16.241 3.61351
92 0.00254994 0.0053534 0.000669864 3.31602e-05 16.241 3.61351
93 0.0067337 0.019788 0.000669864 3.31602e-05 16.241 3.61351
94 0.185008 0.0246979 0.000669864 3.31602e-05 16.241 3.61351
95 0.0331666 0.00071896 0.000669864 3.31602e-05 16.241 3.61351
96 0.00178842 0.00876081 0.000669864 3.31602e-05 16.241 3.61351
97 0.00991858 0.00446284 0.000669864 3.31602e-05 16.241 3.61351
98 0.00682027 0.00618258 0.000669864 3.31602e-05 16.241 3.61351
99 0.0071379 0.00443111 0.000669864 3.31602e-05 16.241 3.61351
100 0.463771 1.90243 0.000669864 3.31602e-05 16.241 3.61351
101 0.404807 0.0185297 0.000669864 3.31602e-05 16.241 3.61351
102 0.0105969 0.000408929 0.000669864 3.31602e-05 16.241 3.61351
103 0.00145141 0.00087658 0.000408929 3.20054e-05 12.6895 3.55003
104 0.00163942 0.000449928 0.000408929 3.20054e-05 12.6895 3.55003
105 0.00204476 0.00044209 0.000408929 3.20054e-05 12.6895 3.55003
106 0.000690381 0.000480683 0.000408929 3.20054e-05 12.6895 3.55003
107 0.00124412 0.000687117 0.000408929 3.20054e-05 12.6895 3.55003
108 0.00203086 0.000888985 0.000408929 3.20054e-05 12.6895 3.55003
109 0.00210604 0.000601494 0.000408929 3.20054e-05 12.6895 3.55003
110 0.000860276 0.00067709 0.000408929 3.20054e-05 12.6895 3.55003
111 0.00318625 0.00424329 0.000408929 3.20054e-05 12.6895 3.55003
112 0.0131572 0.0141067 0.000408929 3.20054e-05 12.6895 3.55003
113 0.0563529 0.149762 0.000408929 3.20054e-05 12.6895 3.55003
114 0.0665432 0.000628345 0.000408929 3.20054e-05 12.6895 3.55003
115 0.00518271 0.00078618 0.000408929 3.20054e-05 12.6895 3.55003
116 0.00161295 0.0105615 0.000408929 3.20054e-05 12.6895 3.55003
117 0.436808 0.203053 0.000408929 3.20054e-05 12.6895 3.55003
118 0.0571447 0.0196476 0.000408929 3.20054e-05 12.6895 3.55003
119 0.00380737 0.00454908 0.000408929 3.20054e-05 12.6895 3.55003
120 0.00164046 0.000680339 0.000408929 3.20054e-05 12.6895 3.55003
121 0.00053219 0.000478233 0.000408929 3.20054e-05 12.6895 3.55003
122 0.00217259 0.00573088 0.000408929 3.20054e-05 12.6895 3.55003
123 0.00308232 0.00876465 0.000408929 3.20054e-05 12.6895 3.55003
124 0.00362699 0.00204144 0.000408929 3.20054e-05 12.6895 3.55003
125 0.0378708 0.000972848 0.000408929 3.20054e-05 12.6895 3.55003
126 0.0292012 0.0675453 0.000408929 3.20054e-05 12.6895 3.55003
127 0.0388025 0.000742926 0.000408929 3.20054e-05 12.6895 3.55003
128 0.0866456 0.332114 0.000408929 3.20054e-05 12.6895 3.55003
129 0.0344273 0.0408144 0.000408929 3.20054e-05 12.6895 3.55003
130 0.0117393 0.0156769 0.000408929 3.20054e-05 12.6895 3.55003
131 0.0134744 0.0683626 0.000408929 3.20054e-05 12.6895 3.55003
132 0.365058 0.653309 0.000408929 3.20054e-05 12.6895 3.55003
133 0.142134 0.0254705 0.000408929 3.20054e-05 12.6895 3.55003
134 0.00504366 0.000437762 0.000408929 3.20054e-05 12.6895 3.55003
135 0.00064143 0.000559783 0.000408929 3.20054e-05 12.6895 3.55003
136 0.00118657 0.001127 0.000408929 3.20054e-05 12.6895 3.55003
137 0.00162188 0.00591682 0.000408929 3.20054e-05 12.6895 3.55003
138 0.00450709 0.00936478 0.000408929 3.20054e-05 12.6895 3.55003
139 0.00726579 0.000786017 0.000408929 3.20054e-05 12.6895 3.55003
140 0.000861341 0.000390234 0.000408929 3.20054e-05 12.6895 3.55003
141 0.00784647 0.134782 0.000390234 2.61763e-05 12.396 3.21051
142 0.0352429 0.0463626 0.000390234 2.61763e-05 12.396 3.21051
143 0.0174501 0.0133803 0.000390234 2.61763e-05 12.396 3.21051
144 0.00362943 0.000361902 0.000390234 2.61763e-05 12.396 3.21051
145 0.0449139 0.00450476 0.000361902 4.22672e-05 11.9376 4.07964
146 0.0163747 0.00141781 0.000361902 4.22672e-05 11.9376 4.07964
147 0.0667096 0.783394 0.000361902 4.22672e-05 11.9376 4.07964
148 0.312531 0.0205519 0.000361902 4.22672e-05 11.9376 4.07964
149 0.00208327 0.000365011 0.000361902 4.22672e-05 11.9376 4.07964
150 0.000636443 0.00042997 0.000365011 2.61299e-05 11.9887 3.20767
151 0.000535419 0.000742201 0.000365011 2.61299e-05 11.9887 3.20767
152 0.0010853 0.00330021 0.000365011 2.61299e-05 11.9887 3.20767
153 0.00418332 0.00325738 0.000365011 2.61299e-05 11.9887 3.20767
154 0.00225879 0.00281143 0.000365011 2.61299e-05 11.9887 3.20767
155 0.00283879 0.000846974 0.000365011 2.61299e-05 11.9887 3.20767
156 0.00530178 0.0160024 0.000365011 2.61299e-05 11.9887 3.20767
157 0.0579711 0.000827952 0.000365011 2.61299e-05 11.9887 3.20767
158 0.0118932 0.00928249 0.000365011 2.61299e-05 11.9887 3.20767
159 0.0234714 0.0528064 0.000365011 2.61299e-05 11.9887 3.20767
160 0.0501934 0.12774 0.000365011 2.61299e-05 11.9887 3.20767
161 0.38994 0.180681 0.000365011 2.61299e-05 11.9887 3.20767
162 0.0449407 0.00718542 0.000365011 2.61299e-05 11.9887 3.20767
163 0.00167627 0.000695532 0.000365011 2.61299e-05 11.9887 3.20767
164 0.000794927 0.000623868 0.000365011 2.61299e-05 11.9887 3.20767
165 0.000763277 0.00144041 0.000365011 2.61299e-05 11.9887 3.20767
166 0.000845261 0.000388023 0.000365011 2.61299e-05 11.9887 3.20767
167 0.000984358 0.00357479 0.000365011 2.61299e-05 11.9887 3.20767
168 0.0133049 0.00154846 0.000365011 2.61299e-05 11.9887 3.20767
169 0.00338338 0.000837653 0.000365011 2.61299e-05 11.9887 3.20767
170 0.0264762 0.161481 0.000365011 2.61299e-05 11.9887 3.20767
171 0.112936 0.0986707 0.000365011 2.61299e-05 11.9887 3.20767
172 0.0211782 0.00329957 0.000365011 2.61299e-05 11.9887 3.20767
173 0.0041059 0.000591373 0.000365011 2.61299e-05 11.9887 3.20767
174 0.00111149 0.0028112 0.000365011 2.61299e-05 11.9887 3.20767
175 0.00202121 0.00855642 0.000365011 2.61299e-05 11.9887 3.20767
176 0.0351794 0.00320232 0.000365011 2.61299e-05 11.9887 3.20767
177 0.0130228 0.00889325 0.000365011 2.61299e-05 11.9887 3.20767
178 0.0698424 0.296113 0.000365011 2.61299e-05 11.9887 3.20767
179 0.0629835 0.0333161 0.000365011 2.61299e-05 11.9887 3.20767
180 0.0637741 0.00456973 0.000365011 2.61299e-05 11.9887 3.20767
181 0.013945 0.00217043 0.000365011 2.61299e-05 11.9887 3.20767
182 0.00436075 0.0046013 0.000365011 2.61299e-05 11.9887 3.20767
183 0.00131272 0.000554767 0.000365011 2.61299e-05 11.9887 3.20767
184 0.00545699 0.0181595 0.000365011 2.61299e-05 11.9887 3.20767
185 0.0527522 0.00727516 0.000365011 2.61299e-05 11.9887 3.20767
186 0.0169145 0.00475899 0.000365011 2.61299e-05 11.9887 3.20767
187 0.00589724 0.00415966 0.000365011 2.61299e-05 11.9887 3.20767
188 0.0204192 0.193656 0.000365011 2.61299e-05 11.9887 3.20767
189 0.0980311 0.0280046 0.000365011 2.61299e-05 11.9887 3.20767
190 0.00532314 0.00294793 0.000365011 2.61299e-05 11.9887 3.20767
191 0.00694978 0.00582275 0.000365011 2.61299e-05 11.9887 3.20767
192 0.00202401 0.000266758 0.000365011 2.61299e-05 11.9887 3.20767
193 0.0424187 0.00415121 0.000266758 2.12523e-05 10.2489 2.89283
194 0.0738239 0.173095 0.000266758 2.12523e-05 10.2489 2.89283
195 0.112764 0.00648803 0.000266758 2.12523e-05 10.2489 2.89283
196 0.00301665 0.000759076 0.000266758 2.12523e-05 10.2489 2.89283
197 0.00102797 0.00326597 0.000266758 2.12523e-05 10.2489 2.89283
198 0.00162002 0.000307571 0.000266758 2.12523e-05 10.2489 2.89283
199 0.0485735 0.498515 0.000266758 2.12523e-05 10.2489 2.89283
200 0.085248 0.0015312 0.000266758 2.12523e-05 10.2489 2.89283
201 0.0068018 0.00577237 0.000266758 2.12523e-05 10.2489 2.89283
202 0.00253757 0.00118736 0.000266758 2.12523e-05 10.2489 2.89283
203 0.00112024 0.00138096 0.000266758 2.12523e-05 10.2489 2.89283
204 0.00475864 0.0818064 0.000266758 2.12523e-05 10.2489 2.89283
205 0.0660365 0.0198059 0.000266758 2.12523e-05 10.2489 2.89283
206 0.00841147 0.0022229 0.000266758 2.12523e-05 10.2489 2.89283
207 0.00106733 0.000235496 0.000266758 2.12523e-05 10.2489 2.89283
208 0.00709626 0.0167861 0.000235496 1.96709e-05 9.62968 2.78312
209 0.101121 0.0140449 0.000235496 1.96709e-05 9.62968 2.78312
210 0.0041407 0.00336275 0.000235496 1.96709e-05 9.62968 2.78312
211 0.00424896 0.000720942 0.000235496 1.96709e-05 9.62968 2.78312
212 0.000787256 0.000544364 0.000235496 1.96709e-05 9.62968 2.78312
213 0.0310895 0.039692 0.000235496 1.96709e-05 9.62968 2.78312
214 0.0192165 0.000326939 0.000235496 1.96709e-05 9.62968 2.78312
215 0.01408 0.107248 0.000235496 1.96709e-05 9.62968 2.78312
216 0.0357462 0.070708 0.000235496 1.96709e-05 9.62968 2.78312
217 0.0347786 0.00134172 0.000235496 1.96709e-05 9.62968 2.78312
218 0.0070567 0.0625738 0.000235496 1.96709e-05 9.62968 2.78312
219 0.0917497 0.0111688 0.000235496 1.96709e-05 9.62968 2.78312
220 0.0059437 0.000367839 0.000235496 1.96709e-05 9.62968 2.78312
221 0.000626866 0.000850047 0.000235496 1.96709e-05 9.62968 2.78312
222 0.0207333 0.00830048 0.000235496 1.96709e-05 9.62968 2.78312
223 0.0335633 0.1075 0.000235496 1.96709e-05 9.62968 2.78312
224 0.0681575 0.00108387 0.000235496 1.96709e-05 9.62968 2.78312
225 0.000903574 0.00115158 0.000235496 1.96709e-05 9.62968 2.78312
226 0.00568971 0.00362355 0.000235496 1.96709e-05 9.62968 2.78312
227 0.0731507 0.0497833 0.000235496 1.96709e-05 9.62968 2.78312
228 0.0297617 0.000275504 0.000235496 1.96709e-05 9.62968 2.78312
229 0.00315954 0.00220985 0.000235496 1.96709e-05 9.62968 2.78312
230 0.00264484 0.00199501 0.000235496 1.96709e-05 9.62968 2.78312
231 0.0376931 0.0409006 0.000235496 1.96709e-05 9.62968 2.78312
232 0.218001 0.00107465 0.000235496 1.96709e-05 9.62968 2.78312
233 0.00217625 0.000356534 0.000235496 1.96709e-05 9.62968 2.78312
234 0.000671845 0.000927738 0.000235496 1.96709e-05 9.62968 2.78312
235 0.00142661 0.00171579 0.000235496 1.96709e-05 9.62968 2.78312
236 0.00117527 0.000482288 0.000235496 1.96709e-05 9.62968 2.78312
237 0.000708266 0.00499863 0.000235496 1.96709e-05 9.62968 2.78312
238 0.0123989 0.00303927 0.000235496 1.96709e-05 9.62968 2.78312
239 0.00178998 0.00087532 0.000235496 1.96709e-05 9.62968 2.78312
240 0.000846011 0.00109144 0.000235496 1.96709e-05 9.62968 2.78312
241 0.0568875 0.108232 0.000235496 1.96709e-05 9.62968 2.78312
242 0.0433024 0.0189143 0.000235496 1.96709e-05 9.62968 2.78312
243 0.00699454 0.00104207 0.000235496 1.96709e-05 9.62968 2.78312
244 0.00868458 0.0167988 0.000235496 1.96709e-05 9.62968 2.78312
245 0.0165696 0.00100235 0.000235496 1.96709e-05 9.62968 2.78312
246 0.00323653 0.0118552 0.000235496 1.96709e-05 9.62968 2.78312
247 0.00894152 0.000810953 0.000235496 1.96709e-05 9.62968 2.78312
248 0.00195855 0.00525165 0.000235496 1.96709e-05 9.62968 2.78312
249 0.0427298 0.00694533 0.000235496 1.96709e-05 9.62968 2.78312
250 0.038468 0.0108096 0.000235496 1.96709e-05 9.62968 2.78312
251 0.00401985 0.00132911 0.000235496 1.96709e-05 9.62968 2.78312
252 0.00413162 0.00971335 0.000235496 1.96709e-05 9.62968 2.78312
253 0.0664666 0.0130561 0.000235496 1.96709e-05 9.62968 2.78312
254 0.00432305 0.0011761 0.000235496 1.96709e-05 9.62968 2.78312
255 0.00518962 0.000772379 0.000235496 1.96709e-05 9.62968 2.78312
256 0.0124173 0.0112807 0.000235496 1.96709e-05 9.62968 2.78312
257 0.0822715 0.242528 0.000235496 1.96709e-05 9.62968 2.78312
258 0.0278477 0.00159662 0.000235496 1.96709e-05 9.62968 2.78312
259 0.00239085 0.000551867 0.000235496 1.96709e-05 9.62968 2.78312
260 0.000907176 0.00024448 0.000235496 1.96709e-05 9.62968 2.78312
261 0.00570851 0.0035595 0.000235496 1.96709e-05 9.62968 2.78312
262 0.002217 0.000563386 0.000235496 1.96709e-05 9.62968 2.78312
263 0.105736 0.0468855 0.000235496 1.96709e-05 9.62968 2.78312
264 0.0220815 0.000934168 0.000235496 1.96709e-05 9.62968 2.78312
265 0.00345895 0.000360064 0.000235496 1.96709e-05 9.62968 2.78312
266 0.00377122 0.000811751 0.000235496 1.96709e-05 9.62968 2.78312
267 0.00144548 0.00238103 0.000235496 1.96709e-05 9.62968 2.78312
268 0.0265279 0.00439345 0.000235496 1.96709e-05 9.62968 2.78312
269 0.00754293 0.000238545 0.000235496 1.96709e-05 9.62968 2.78312
270 0.00542536 0.0117677 0.000235496 1.96709e-05 9.62968 2.78312
271 0.0306497 0.00291038 0.000235496 1.96709e-05 9.62968 2.78312
272 0.0091775 0.00163153 0.000235496 1.96709e-05 9.62968 2.78312
273 0.00162329 0.000772571 0.000235496 1.96709e-05 9.62968 2.78312
274 0.0325809 0.0117789 0.000235496 1.96709e-05 9.62968 2.78312
275 0.014008 0.00310145 0.000235496 1.96709e-05 9.62968 2.78312
276 0.0198796 0.0336353 0.000235496 1.96709e-05 9.62968 2.78312
277 0.0100754 0.00120557 0.000235496 1.96709e-05 9.62968 2.78312
278 0.013796 0.00983946 0.000235496 1.96709e-05 9.62968 2.78312
279 0.0163453 0.00319536 0.000235496 1.96709e-05 9.62968 2.78312
280 0.0130968 0.0110781 0.000235496 1.96709e-05 9.62968 2.78312
281 0.0309154 0.00267582 0.000235496 1.96709e-05 9.62968 2.78312
282 0.0215975 0.00547169 0.000235496 1.96709e-05 9.62968 2.78312
283 0.00972287 0.00199102 0.000235496 1.96709e-05 9.62968 2.78312
284 0.0602278 0.0984532 0.000235496 1.96709e-05 9.62968 2.78312
285 0.0366602 0.00105155 0.000235496 1.96709e-05 9.62968 2.78312
286 0.00693513 0.00860242 0.000235496 1.96709e-05 9.62968 2.78312
287 0.0265606 0.0437915 0.000235496 1.96709e-05 9.62968 2.78312
288 0.0190132 0.00562592 0.000235496 1.96709e-05 9.62968 2.78312
289 0.00347701 0.0715082 0.000235496 1.96709e-05 9.62968 2.78312
290 0.0103281 0.00676881 0.000235496 1.96709e-05 9.62968 2.78312
291 0.0037793 0.000264976 0.000235496 1.96709e-05 9.62968 2.78312
292 0.0212488 0.00820752 0.000235496 1.96709e-05 9.62968 2.78312
293 0.0062882 0.00136121 0.000235496 1.96709e-05 9.62968 2.78312
294 0.00985861 0.0276542 0.000235496 1.96709e-05 9.62968 2.78312
295 0.0175563 0.00230903 0.000235496 1.96709e-05 9.62968 2.78312
296 0.019977 0.142932 0.000235496 1.96709e-05 9.62968 2.78312
297 0.0789459 0.0210746 0.000235496 1.96709e-05 9.62968 2.78312
298 0.0202115 0.0543411 0.000235496 1.96709e-05 9.62968 2.78312
299 0.0110135 0.0011721 0.000235496 1.96709e-05 9.62968 2.78312
300 0.00116669 0.00309551 0.000235496 1.96709e-05 9.62968 2.78312
301 0.00189398 0.000616619 0.000235496 1.96709e-05 9.62968 2.78312
302 0.00346479 0.00121308 0.000235496 1.96709e-05 9.62968 2.78312
303 0.00651739 0.000417356 0.000235496 1.96709e-05 9.62968 2.78312
304 0.0226014 0.00536605 0.000235496 1.96709e-05 9.62968 2.78312
305 0.032829 0.000797228 0.000235496 1.96709e-05 9.62968 2.78312
306 0.00198082 0.00587841 0.000235496 1.96709e-05 9.62968 2.78312
307 0.022178 0.0201205 0.000235496 1.96709e-05 9.62968 2.78312
308 0.00323696 0.000634274 0.000235496 1.96709e-05 9.62968 2.78312
309 0.00065845 0.000365907 0.000235496 1.96709e-05 9.62968 2.78312
310 0.000364208 0.000315907 0.000235496 1.96709e-05 9.62968 2.78312
311 0.00041735 0.00027996 0.000235496 1.96709e-05 9.62968 2.78312
312 0.000365233 0.000392155 0.000235496 1.96709e-05 9.62968 2.78312
313 0.000355902 0.000256997 0.000235496 1.96709e-05 9.62968 2.78312
314 0.000357883 0.000402645 0.000235496 1.96709e-05 9.62968 2.78312
315 0.000361238 0.000384927 0.000235496 1.96709e-05 9.62968 2.78312
316 0.000387869 0.000391849 0.000235496 1.96709e-05 9.62968 2.78312
317 0.00053129 0.000582429 0.000235496 1.96709e-05 9.62968 2.78312
318 0.000511449 0.000240093 0.000235496 1.96709e-05 9.62968 2.78312
319 0.000625769 0.000582232 0.000235496 1.96709e-05 9.62968 2.78312
320 0.000432324 0.000424851 0.000235496 1.96709e-05 9.62968 2.78312
321 0.000388779 0.000304873 0.000235496 1.96709e-05 9.62968 2.78312
322 0.000451395 0.000551097 0.000235496 1.96709e-05 9.62968 2.78312
323 0.000513048 0.000654329 0.000235496 1.96709e-05 9.62968 2.78312
324 0.000666119 0.000242513 0.000235496 1.96709e-05 9.62968 2.78312
325 0.000517873 0.000406476 0.000235496 1.96709e-05 9.62968 2.78312
326 0.000527761 0.00041356 0.000235496 1.96709e-05 9.62968 2.78312
327 0.00073816 0.00225812 0.000235496 1.96709e-05 9.62968 2.78312
328 0.000749243 0.000261048 0.000235496 1.96709e-05 9.62968 2.78312
329 0.00147854 0.000275716 0.000235496 1.96709e-05 9.62968 2.78312
330 0.000806254 0.000664435 0.000235496 1.96709e-05 9.62968 2.78312
331 0.00113021 0.00108362 0.000235496 1.96709e-05 9.62968 2.78312
332 0.000824486 0.00147164 0.000235496 1.96709e-05 9.62968 2.78312
333 0.00246743 0.000959236 0.000235496 1.96709e-05 9.62968 2.78312
334 0.00277228 0.0003572 0.000235496 1.96709e-05 9.62968 2.78312
335 0.0120497 0.0156207 0.000235496 1.96709e-05 9.62968 2.78312
336 0.00266583 0.002052 0.000235496 1.96709e-05 9.62968 2.78312
337 0.00136479 0.00122656 0.000235496 1.96709e-05 9.62968 2.78312
338 0.000866412 0.000277898 0.000235496 1.96709e-05 9.62968 2.78312
339 0.00117738 0.000429838 0.000235496 1.96709e-05 9.62968 2.78312
340 0.00216077 0.00195351 0.000235496 1.96709e-05 9.62968 2.78312
341 0.00675953 0.00773758 0.000235496 1.96709e-05 9.62968 2.78312
342 0.00840548 0.00235561 0.000235496 1.96709e-05 9.62968 2.78312
343 0.0138016 0.0318781 0.000235496 1.96709e-05 9.62968 2.78312
344 0.00988957 0.00165343 0.000235496 1.96709e-05 9.62968 2.78312
345 0.00804236 0.00309942 0.000235496 1.96709e-05 9.62968 2.78312
346 0.00166214 0.000401769 0.000235496 1.96709e-05 9.62968 2.78312
347 0.001136 0.000786902 0.000235496 1.96709e-05 9.62968 2.78312
348 0.00306075 0.00265838 0.000235496 1.96709e-05 9.62968 2.78312
349 0.00299487 0.00036012 0.000235496 1.96709e-05 9.62968 2.78312
350 0.00211457 0.0178112 0.000235496 1.96709e-05 9.62968 2.78312
351 0.0075082 0.00208525 0.000235496 1.96709e-05 9.62968 2.78312
352 0.0028338 0.00452033 0.000235496 1.96709e-05 9.62968 2.78312
353 0.00261989 0.000977686 0.000235496 1.96709e-05 9.62968 2.78312
354 0.00458199 0.000386054 0.000235496 1.96709e-05 9.62968 2.78312
355 0.0086154 0.00158607 0.000235496 1.96709e-05 9.62968 2.78312
356 0.00383246 0.00084699 0.000235496 1.96709e-05 9.62968 2.78312
357 0.00597511 0.000811845 0.000235496 1.96709e-05 9.62968 2.78312
358 0.00332542 0.00097978 0.000235496 1.96709e-05 9.62968 2.78312
359 0.0412883 0.000754524 0.000235496 1.96709e-05 9.62968 2.78312
360 0.0041042 0.00854647 0.000235496 1.96709e-05 9.62968 2.78312
361 0.00161122 0.000230393 0.000235496 1.96709e-05 9.62968 2.78312
362 0.00056773 0.000267423 0.000230393 1.54273e-05 9.52478 2.46471
363 0.000708831 0.000538873 0.000230393 1.54273e-05 9.52478 2.46471
364 0.000484898 0.000576455 0.000230393 1.54273e-05 9.52478 2.46471
365 0.00161849 0.000258975 0.000230393 1.54273e-05 9.52478 2.46471
366 0.00456143 0.00212011 0.000230393 1.54273e-05 9.52478 2.46471
367 0.00820307 0.0129283 0.000230393 1.54273e-05 9.52478 2.46471
368 0.0212194 0.0520365 0.000230393 1.54273e-05 9.52478 2.46471
369 0.014738 0.000804741 0.000230393 1.54273e-05 9.52478 2.46471
370 0.000596264 0.000422481 0.000230393 1.54273e-05 9.52478 2.46471
371 0.000803669 0.00116174 0.000230393 1.54273e-05 9.52478 2.46471
372 0.00105489 0.00482585 0.000230393 1.54273e-05 9.52478 2.46471
373 0.00378889 0.000491044 0.000230393 1.54273e-05 9.52478 2.46471
374 0.00128225 0.00562971 0.000230393 1.54273e-05 9.52478 2.46471
375 0.0034233 0.00362209 0.000230393 1.54273e-05 9.52478 2.46471
376 0.00355576 0.000422089 0.000230393 1.54273e-05 9.52478 2.46471
377 0.00357889 0.00118636 0.000230393 1.54273e-05 9.52478 2.46471
378 0.00791828 0.0124457 0.000230393 1.54273e-05 9.52478 2.46471
379 0.0320653 0.00435381 0.000230393 1.54273e-05 9.52478 2.46471
380 0.00133831 0.00106021 0.000230393 1.54273e-05 9.52478 2.46471
381 0.00119907 0.000170901 0.000230393 1.54273e-05 9.52478 2.46471
382 0.000946796 0.000914519 0.000170901 1.52601e-05 8.20336 2.45131
383 0.00479553 0.0137513 0.000170901 1.52601e-05 8.20336 2.45131
384 0.00307931 0.00243719 0.000170901 1.52601e-05 8.20336 2.45131
385 0.0019451 0.00176192 0.000170901 1.52601e-05 8.20336 2.45131
386 0.00948843 0.00913395 0.000170901 1.52601e-05 8.20336 2.45131
387 0.0104386 0.0218276 0.000170901 1.52601e-05 8.20336 2.45131
388 0.00735529 0.00044002 0.000170901 1.52601e-05 8.20336 2.45131
389 0.000806665 0.00058067 0.000170901 1.52601e-05 8.20336 2.45131
390 0.00123474 0.000417234 0.000170901 1.52601e-05 8.20336 2.45131
391 0.00431933 0.00223393 0.000170901 1.52601e-05 8.20336 2.45131
392 0.00131978 0.00352034 0.000170901 1.52601e-05 8.20336 2.45131
393 0.0281981 0.00135416 0.000170901 1.52601e-05 8.20336 2.45131
394 0.00640969 0.00349122 0.000170901 1.52601e-05 8.20336 2.45131
395 0.00138996 0.000570265 0.000170901 1.52601e-05 8.20336 2.45131
396 0.00127171 0.00286923 0.000170901 1.52601e-05 8.20336 2.45131
397 0.0011932 0.00024312 0.000170901 1.52601e-05 8.20336 2.45131
398 0.000833393 0.00395344 0.000170901 1.52601e-05 8.20336 2.45131
399 0.00169314 0.000207674 0.000170901 1.52601e-05 8.20336 2.45131
400 0.00419423 0.000553143 0.000170901 1.52601e-05 8.20336 2.45131
401 0.0285652 0.028334 0.000170901 1.52601e-05 8.20336 2.45131
402 0.00705167 0.00119847 0.000170901 1.52601e-05 8.20336 2.45131
403 0.00237411 0.00126684 0.000170901 1.52601e-05 8.20336 2.45131
404 0.00105799 0.00121015 0.000170901 1.52601e-05 8.20336 2.45131
405 0.000717157 0.000255105 0.000170901 1.52601e-05 8.20336 2.45131
406 0.000895863 0.00449476 0.000170901 1.52601e-05 8.20336 2.45131
407 0.00150004 0.000249946 0.000170901 1.52601e-05 8.20336 2.45131
408 0.0166267 0.0389108 0.000170901 1.52601e-05 8.20336 2.45131
409 0.00724052 0.00112888 0.000170901 1.52601e-05 8.20336 2.45131
410 0.00181309 0.00486344 0.000170901 1.52601e-05 8.20336 2.45131
411 0.00361121 0.00204239 0.000170901 1.52601e-05 8.20336 2.45131
412 0.0109764 0.00296393 0.000170901 1.52601e-05 8.20336 2.45131
413 0.000997906 0.000193116 0.000170901 1.52601e-05 8.20336 2.45131
414 0.000791562 0.00166606 0.000170901 1.52601e-05 8.20336 2.45131
415 0.00193119 0.00182379 0.000170901 1.52601e-05 8.20336 2.45131
416 0.00968942 0.0108797 0.000170901 1.52601e-05 8.20336 2.45131
417 0.00468325 0.0012648 0.000170901 1.52601e-05 8.20336 2.45131
418 0.009209 0.00826427 0.000170901 1.52601e-05 8.20336 2.45131
419 0.00375241 0.000568066 0.000170901 1.52601e-05 8.20336 2.45131
420 0.00282537 0.000398649 0.000170901 1.52601e-05 8.20336 2.45131
421 0.00171608 0.000834645 0.000170901 1.52601e-05 8.20336 2.45131
422 0.000732928 0.000934636 0.000170901 1.52601e-05 8.20336 2.45131
423 0.00951619 0.0230084 0.000170901 1.52601e-05 8.20336 2.45131
424 0.012015 0.00193683 0.000170901 1.52601e-05 8.20336 2.45131
425 0.0251071 0.0037302 0.000170901 1.52601e-05 8.20336 2.45131
426 0.0110697 0.000488662 0.000170901 1.52601e-05 8.20336 2.45131
427 0.000919073 0.00067913 0.000170901 1.52601e-05 8.20336 2.45131
428 0.000581478 0.000605007 0.000170901 1.52601e-05 8.20336 2.45131
429 0.000711424 0.000781161 0.000170901 1.52601e-05 8.20336 2.45131
430 0.00145784 0.00516311 0.000170901 1.52601e-05 8.20336 2.45131
431 0.000935577 0.000444811 0.000170901 1.52601e-05 8.20336 2.45131
432 0.00120365 0.00206587 0.000170901 1.52601e-05 8.20336 2.45131
433 0.00250903 0.0111868 0.000170901 1.52601e-05 8.20336 2.45131
434 0.0169091 0.00028689 0.000170901 1.52601e-05 8.20336 2.45131
435 0.000625959 0.00191129 0.000170901 1.52601e-05 8.20336 2.45131
436 0.0027613 0.00138289 0.000170901 1.52601e-05 8.20336 2.45131
437 0.00277458 0.000843086 0.000170901 1.52601e-05 8.20336 2.45131
438 0.0471954 0.0146643 0.000170901 1.52601e-05 8.20336 2.45131
439 0.00301236 0.000201825 0.000170901 1.52601e-05 8.20336 2.45131
440 0.000523636 0.000247478 0.000170901 1.52601e-05 8.20336 2.45131
441 0.000804801 0.000599533 0.000170901 1.52601e-05 8.20336 2.45131
442 0.000682958 0.00163067 0.000170901 1.52601e-05 8.20336 2.45131
443 0.000793472 0.000249516 0.000170901 1.52601e-05 8.20336 2.45131
444 0.000885869 0.000219036 0.000170901 1.52601e-05 8.20336 2.45131
445 0.0052935 0.0019944 0.000170901 1.52601e-05 8.20336 2.45131
446 0.00465278 0.000208606 0.000170901 1.52601e-05 8.20336 2.45131
447 0.00132084 0.00259615 0.000170901 1.52601e-05 8.20336 2.45131
448 0.00254509 0.00302979 0.000170901 1.52601e-05 8.20336 2.45131
449 0.0042972 0.0154133 0.000170901 1.52601e-05 8.20336 2.45131
450 0.00529414 0.000393312 0.000170901 1.52601e-05 8.20336 2.45131
451 0.00792226 0.00152156 0.000170901 1.52601e-05 8.20336 2.45131
452 0.00307285 0.000566539 0.000170901 1.52601e-05 8.20336 2.45131
453 0.00450539 0.0331522 0.000170901 1.52601e-05 8.20336 2.45131
454 0.0184723 0.0101466 0.000170901 1.52601e-05 8.20336 2.45131
455 0.00440427 0.00240772 0.000170901 1.52601e-05 8.20336 2.45131
456 0.00174053 0.00354674 0.000170901 1.52601e-05 8.20336 2.45131
457 0.00402679 0.00482543 0.000170901 1.52601e-05 8.20336 2.45131
458 0.002233 0.00401618 0.000170901 1.52601e-05 8.20336 2.45131
459 0.00268735 0.00982727 0.000170901 1.52601e-05 8.20336 2.45131
460 0.0037669 0.00711793 0.000170901 1.52601e-05 8.20336 2.45131
461 0.0190871 0.00105045 0.000170901 1.52601e-05 8.20336 2.45131
462 0.00502381 0.0282796 0.000170901 1.52601e-05 8.20336 2.45131
463 0.00938337 0.0107176 0.000170901 1.52601e-05 8.20336 2.45131
464 0.000898817 0.000747902 0.000170901 1.52601e-05 8.20336 2.45131
465 0.00484768 0.00465703 0.000170901 1.52601e-05 8.20336 2.45131
466 0.000891349 0.00272454 0.000170901 1.52601e-05 8.20336 2.45131
467 0.0018718 0.000301869 0.000170901 1.52601e-05 8.20336 2.45131
468 0.00472389 0.0311702 0.000170901 1.52601e-05 8.20336 2.45131
469 0.01523 0.000895116 0.000170901 1.52601e-05 8.20336 2.45131
470 0.00248608 0.00101503 0.000170901 1.52601e-05 8.20336 2.45131
471 0.0010041 0.000632964 0.000170901 1.52601e-05 8.20336 2.45131
472 0.00122133 0.00785585 0.000170901 1.52601e-05 8.20336 2.45131
473 0.00164102 0.000638686 0.000170901 1.52601e-05 8.20336 2.45131
474 0.00460665 0.00157617 0.000170901 1.52601e-05 8.20336 2.45131
475 0.001411 0.00567079 0.000170901 1.52601e-05 8.20336 2.45131
476 0.0163435 0.0032996 0.000170901 1.52601e-05 8.20336 2.45131
477 0.00141053 0.00122745 0.000170901 1.52601e-05 8.20336 2.45131
478 0.00160249 0.000392214 0.000170901 1.52601e-05 8.20336 2.45131
479 0.00245278 0.00426171 0.000170901 1.52601e-05 8.20336 2.45131
480 0.0147917 0.00509174 0.000170901 1.52601e-05 8.20336 2.45131
481 0.0134329 0.0126773 0.000170901 1.52601e-05 8.20336 2.45131
482 0.00179937 0.000595487 0.000170901 1.52601e-05 8.20336 2.45131
483 0.000368811 0.00029547 0.000170901 1.52601e-05 8.20336 2.45131
484 0.000316884 0.000239173 0.000170901 1.52601e-05 8.20336 2.45131
485 0.00032917 0.000444159 0.000170901 1.52601e-05 8.20336 2.45131
486 0.000355185 0.000359237 0.000170901 1.52601e-05 8.20336 2.45131
487 0.000348391 0.000213799 0.000170901 1.52601e-05 8.20336 2.45131
488 0.000303839 0.000354686 0.000170901 1.52601e-05 8.20336 2.45131
489 0.000337153 0.000367639 0.000170901 1.52601e-05 8.20336 2.45131
490 0.000332011 0.000285701 0.000170901 1.52601e-05 8.20336 2.45131
491 0.000393204 0.000178336 0.000170901 1.52601e-05 8.20336 2.45131
492 0.000417332 0.0004391 0.000170901 1.52601e-05 8.20336 2.45131
493 0.000417131 0.000276763 0.000170901 1.52601e-05 8.20336 2.45131
494 0.000338629 0.000457053 0.000170901 1.52601e-05 8.20336 2.45131
495 0.000402219 0.000270773 0.000170901 1.52601e-05 8.20336 2.45131
496 0.000370116 0.000674553 0.000170901 1.52601e-05 8.20336 2.45131
497 0.000362017 0.000264989 0.000170901 1.52601e-05 8.20336 2.45131
498 0.000380356 0.000271634 0.000170901 1.52601e-05 8.20336 2.45131
499 0.000348084 0.000601011 0.000170901 1.52601e-05 8.20336 2.45131
500 0.00052137 0.000415646 0.000170901 1.52601e-05 8.20336 2.45131
501 0.000468981 0.000181029 0.000170901 1.52601e-05 8.20336 2.45131
502 0.000376011 0.000354683 0.000170901 1.52601e-05 8.20336 2.45131
503 0.000416971 0.000330306 0.000170901 1.52601e-05 8.20336 2.45131
504 0.000580457 0.000828714 0.000170901 1.52601e-05 8.20336 2.45131
505 0.000663316 0.000231371 0.000170901 1.52601e-05 8.20336 2.45131
506 0.000405437 0.000486425 0.000170901 1.52601e-05 8.20336 2.45131
507 0.000543042 0.000507022 0.000170901 1.52601e-05 8.20336 2.45131
508 0.000447807 0.000357334 0.000170901 1.52601e-05 8.20336 2.45131
509 0.000417832 0.000244586 0.000170901 1.52601e-05 8.20336 2.45131
510 0.00064855 0.00105438 0.000170901 1.52601e-05 8.20336 2.45131
511 0.000652137 0.000158148 0.000170901 1.52601e-05 8.20336 2.45131
512 0.000595366 0.000707034 0.000158148 1.36253e-05 7.89135 2.31629
513 0.000927325 0.000833459 0.000158148 1.36253e-05 7.89135 2.31629
514 0.000914349 0.00104027 0.000158148 1.36253e-05 7.89135 2.31629
515 0.00112749 0.000741063 0.000158148 1.36253e-05 7.89135 2.31629
516 0.000991761 0.000557247 0.000158148 1.36253e-05 7.89135 2.31629
517 0.00333103 0.00083228 0.000158148 1.36253e-05 7.89135 2.31629
518 0.00621688 0.00834208 0.000158148 1.36253e-05 7.89135 2.31629
519 0.00168286 0.00259895 0.000158148 1.36253e-05 7.89135 2.31629
520 0.00113565 0.0006308 0.000158148 1.36253e-05 7.89135 2.31629
521 0.00237981 0.00102843 0.000158148 1.36253e-05 7.89135 2.31629
522 0.00104512 0.000800691 0.000158148 1.36253e-05 7.89135 2.31629
523 0.000555018 0.000480586 0.000158148 1.36253e-05 7.89135 2.31629
524 0.000904832 0.000570736 0.000158148 1.36253e-05 7.89135 2.31629
525 0.000702002 0.000381809 0.000158148 1.36253e-05 7.89135 2.31629
526 0.000676183 0.000707809 0.000158148 1.36253e-05 7.89135 2.31629
527 0.000845959 0.000278253 0.000158148 1.36253e-05 7.89135 2.31629
528 0.000894364 0.000700647 0.000158148 1.36253e-05 7.89135 2.31629
529 0.000670576 0.000934977 0.000158148 1.36253e-05 7.89135 2.31629
530 0.0010163 0.00075919 0.000158148 1.36253e-05 7.89135 2.31629
531 0.00181566 0.00466322 0.000158148 1.36253e-05 7.89135 2.31629
532 0.00295366 0.000299433 0.000158148 1.36253e-05 7.89135 2.31629
533 0.000845418 0.00168475 0.000158148 1.36253e-05 7.89135 2.31629
534 0.0012876 0.00371493 0.000158148 1.36253e-05 7.89135 2.31629
535 0.00155629 0.000323212 0.000158148 1.36253e-05 7.89135 2.31629
536 0.00190711 0.000714327 0.000158148 1.36253e-05 7.89135 2.31629
537 0.000855253 0.00429957 0.000158148 1.36253e-05 7.89135 2.31629
538 0.00614743 0.000465104 0.000158148 1.36253e-05 7.89135 2.31629
539 0.00128316 0.00158339 0.000158148 1.36253e-05 7.89135 2.31629
540 0.00238966 0.010452 0.000158148 1.36253e-05 7.89135 2.31629
541 0.00185168 0.000396725 0.000158148 1.36253e-05 7.89135 2.31629
542 0.000786103 0.000844025 0.000158148 1.36253e-05 7.89135 2.31629
543 0.000490049 0.000760207 0.000158148 1.36253e-05 7.89135 2.31629
544 0.000522164 0.000262819 0.000158148 1.36253e-05 7.89135 2.31629
545 0.00108726 0.000776177 0.000158148 1.36253e-05 7.89135 2.31629
546 0.00198501 0.000295127 0.000158148 1.36253e-05 7.89135 2.31629
547 0.001284 0.00650476 0.000158148 1.36253e-05 7.89135 2.31629
548 0.00277284 0.00161003 0.000158148 1.36253e-05 7.89135 2.31629
549 0.000683988 0.00263698 0.000158148 1.36253e-05 7.89135 2.31629
550 0.00119572 0.00396883 0.000158148 1.36253e-05 7.89135 2.31629
551 0.00161797 0.00676746 0.000158148 1.36253e-05 7.89135 2.31629
552 0.00467712 0.000333682 0.000158148 1.36253e-05 7.89135 2.31629
553 0.00107739 0.00209997 0.000158148 1.36253e-05 7.89135 2.31629
554 0.00103973 0.000409636 0.000158148 1.36253e-05 7.89135 2.31629
555 0.001287 0.000478041 0.000158148 1.36253e-05 7.89135 2.31629
556 0.000550588 0.000577252 0.000158148 1.36253e-05 7.89135 2.31629
557 0.00121979 0.00101077 0.000158148 1.36253e-05 7.89135 2.31629
558 0.00197419 0.000679164 0.000158148 1.36253e-05 7.89135 2.31629
559 0.00198216 0.00080507 0.000158148 1.36253e-05 7.89135 2.31629
560 0.00113736 0.000285992 0.000158148 1.36253e-05 7.89135 2.31629
561 0.00142576 0.000209891 0.000158148 1.36253e-05 7.89135 2.31629
562 0.00083688 0.00206981 0.000158148 1.36253e-05 7.89135 2.31629
563 0.00133764 0.00123929 0.000158148 1.36253e-05 7.89135 2.31629
564 0.00194668 0.000407636 0.000158148 1.36253e-05 7.89135 2.31629
565 0.000892115 0.000341022 0.000158148 1.36253e-05 7.89135 2.31629
566 0.000916654 0.000300476 0.000158148 1.36253e-05 7.89135 2.31629
567 0.00251843 0.00154048 0.000158148 1.36253e-05 7.89135 2.31629
568 0.0144976 0.0187101 0.000158148 1.36253e-05 7.89135 2.31629
569 0.00367218 0.00103317 0.000158148 1.36253e-05 7.89135 2.31629
570 0.00109951 0.00137816 0.000158148 1.36253e-05 7.89135 2.31629
571 0.000525626 0.000269092 0.000158148 1.36253e-05 7.89135 2.31629
572 0.000395022 0.00037912 0.000158148 1.36253e-05 7.89135 2.31629
573 0.000523662 0.000144438 0.000158148 1.36253e-05 7.89135 2.31629
574 0.000478834 0.000318661 0.000144438 1.3185e-05 7.54156 2.27856
575 0.00039222 0.000447436 0.000144438 1.3185e-05 7.54156 2.27856
576 0.00132516 0.000299352 0.000144438 1.3185e-05 7.54156 2.27856
577 0.00261584 0.00183637 0.000144438 1.3185e-05 7.54156 2.27856
578 0.00107945 0.00243698 0.000144438 1.3185e-05 7.54156 2.27856
579 0.00175435 0.000859733 0.000144438 1.3185e-05 7.54156 2.27856
580 0.00107421 0.00201169 0.000144438 1.3185e-05 7.54156 2.27856
581 0.000694301 0.000782271 0.000144438 1.3185e-05 7.54156 2.27856
582 0.00132022 0.000562802 0.000144438 1.3185e-05 7.54156 2.27856
583 0.000580127 0.000312494 0.000144438 1.3185e-05 7.54156 2.27856
584 0.000600752 0.000329993 0.000144438 1.3185e-05 7.54156 2.27856
585 0.00148143 0.000728417 0.000144438 1.3185e-05 7.54156 2.27856
586 0.00252624 0.0070762 0.000144438 1.3185e-05 7.54156 2.27856
587 0.00201383 0.000398485 0.000144438 1.3185e-05 7.54156 2.27856
588 0.00254973 0.00116317 0.000144438 1.3185e-05 7.54156 2.27856
589 0.00162626 0.000952136 0.000144438 1.3185e-05 7.54156 2.27856
590 0.00105831 0.00432651 0.000144438 1.3185e-05 7.54156 2.27856
591 0.00452772 0.00122925 0.000144438 1.3185e-05 7.54156 2.27856
592 0.00125849 0.000320093 0.000144438 1.3185e-05 7.54156 2.27856
593 0.000965751 0.000306159 0.000144438 1.3185e-05 7.54156 2.27856
594 0.00231916 0.000198575 0.000144438 1.3185e-05 7.54156 2.27856
595 0.00117008 0.000485138 0.000144438 1.3185e-05 7.54156 2.27856
596 0.000437655 0.000549853 0.000144438 1.3185e-05 7.54156 2.27856
597 0.00184293 0.00152408 0.000144438 1.3185e-05 7.54156 2.27856
598 0.000996462 0.00143615 0.000144438 1.3185e-05 7.54156 2.27856
599 0.000606573 0.000624257 0.000144438 1.3185e-05 7.54156 2.27856
600 0.00204988 0.000831386 0.000144438 1.3185e-05 7.54156 2.27856
601 0.00551534 0.00438745 0.000144438 1.3185e-05 7.54156 2.27856
602 0.00541225 0.00211773 0.000144438 1.3185e-05 7.54156 2.27856
603 0.000849683 0.00171202 0.000144438 1.3185e-05 7.54156 2.27856
604 0.00119887 0.00094344 0.000144438 1.3185e-05 7.54156 2.27856
605 0.000579236 0.000153744 0.000144438 1.3185e-05 7.54156 2.27856
606 0.000644103 0.000353042 0.000144438 1.3185e-05 7.54156 2.27856
607 0.00049215 0.000407753 0.000144438 1.3185e-05 7.54156 2.27856
608 0.000665311 0.000264469 0.000144438 1.3185e-05 7.54156 2.27856
609 0.00117887 0.00100898 0.000144438 1.3185e-05 7.54156 2.27856
610 0.00166513 0.000392035 0.000144438 1.3185e-05 7.54156 2.27856
611 0.0016001 0.000627423 0.000144438 1.3185e-05 7.54156 2.27856
612 0.0025825 0.000372797 0.000144438 1.3185e-05 7.54156 2.27856
613 0.00241204 0.00201882 0.000144438 1.3185e-05 7.54156 2.27856
614 0.00891562 0.00225435 0.000144438 1.3185e-05 7.54156 2.27856
615 0.00105461 0.000169887 0.000144438 1.3185e-05 7.54156 2.27856
616 0.000464054 0.000441733 0.000144438 1.3185e-05 7.54156 2.27856
617 0.000505366 0.000525871 0.000144438 1.3185e-05 7.54156 2.27856
618 0.000763041 0.000731238 0.000144438 1.3185e-05 7.54156 2.27856
619 0.000568071 0.000704252 0.000144438 1.3185e-05 7.54156 2.27856
620 0.00168554 0.000496292 0.000144438 1.3185e-05 7.54156 2.27856
621 0.000705274 0.00029456 0.000144438 1.3185e-05 7.54156 2.27856
622 0.000464831 0.000312096 0.000144438 1.3185e-05 7.54156 2.27856
623 0.00049403 0.000450068 0.000144438 1.3185e-05 7.54156 2.27856
624 0.000418951 0.000175796 0.000144438 1.3185e-05 7.54156 2.27856
625 0.00126577 0.00195242 0.000144438 1.3185e-05 7.54156 2.27856
626 0.0015624 0.00160227 0.000144438 1.3185e-05 7.54156 2.27856
627 0.0030349 0.00310212 0.000144438 1.3185e-05 7.54156 2.27856
628 0.00127634 0.000317281 0.000144438 1.3185e-05 7.54156 2.27856
629 0.00119268 0.000301789 0.000144438 1.3185e-05 7.54156 2.27856
630 0.0039482 0.00191139 0.000144438 1.3185e-05 7.54156 2.27856
631 0.00109502 0.00119642 0.000144438 1.3185e-05 7.54156 2.27856
632 0.00151404 0.000234642 0.000144438 1.3185e-05 7.54156 2.27856
633 0.000601495 0.000420723 0.000144438 1.3185e-05 7.54156 2.27856
634 0.000809208 0.000650804 0.000144438 1.3185e-05 7.54156 2.27856
635 0.00210709 0.000613891 0.000144438 1.3185e-05 7.54156 2.27856
636 0.00177592 0.00170533 0.000144438 1.3185e-05 7.54156 2.27856
637 0.00064435 0.00368158 0.000144438 1.3185e-05 7.54156 2.27856
638 0.00266297 0.000441898 0.000144438 1.3185e-05 7.54156 2.27856
639 0.00046609 0.000926374 0.000144438 1.3185e-05 7.54156 2.27856
640 0.00417406 0.00689958 0.000144438 1.3185e-05 7.54156 2.27856
641 0.00185814 0.000649565 0.000144438 1.3185e-05 7.54156 2.27856
642 0.000543504 0.000596157 0.000144438 1.3185e-05 7.54156 2.27856
643 0.00360598 0.00166772 0.000144438 1.3185e-05 7.54156 2.27856
644 0.000678398 0.000260432 0.000144438 1.3185e-05 7.54156 2.27856
645 0.00109299 0.000350883 0.000144438 1.3185e-05 7.54156 2.27856
646 0.000743512 0.000757623 0.000144438 1.3185e-05 7.54156 2.27856
647 0.00289508 0.00279791 0.000144438 1.3185e-05 7.54156 2.27856
648 0.000683151 0.000258821 0.000144438 1.3185e-05 7.54156 2.27856
649 0.00120719 0.00195075 0.000144438 1.3185e-05 7.54156 2.27856
650 0.00353772 0.00268138 0.000144438 1.3185e-05 7.54156 2.27856
651 0.00164977 0.000716583 0.000144438 1.3185e-05 7.54156 2.27856
652 0.0010323 0.00333783 0.000144438 1.3185e-05 7.54156 2.27856
653 0.00152123 0.00134317 0.000144438 1.3185e-05 7.54156 2.27856
654 0.00177402 0.00171654 0.000144438 1.3185e-05 7.54156 2.27856
655 0.00112062 0.000925595 0.000144438 1.3185e-05 7.54156 2.27856
656 0.00330353 0.00300272 0.000144438 1.3185e-05 7.54156 2.27856
657 0.0019073 0.00160252 0.000144438 1.3185e-05 7.54156 2.27856
658 0.00116997 0.00238181 0.000144438 1.3185e-05 7.54156 2.27856
659 0.0014366 0.0027187 0.000144438 1.3185e-05 7.54156 2.27856
660 0.000921788 0.000277365 0.000144438 1.3185e-05 7.54156 2.27856
661 0.00276628 0.00141304 0.000144438 1.3185e-05 7.54156 2.27856
662 0.00202347 0.000429856 0.000144438 1.3185e-05 7.54156 2.27856
663 0.000598147 0.000434174 0.000144438 1.3185e-05 7.54156 2.27856
664 0.000715647 0.0006271 0.000144438 1.3185e-05 7.54156 2.27856
665 0.00125082 0.000952403 0.000144438 1.3185e-05 7.54156 2.27856
666 0.0023205 0.0014291 0.000144438 1.3185e-05 7.54156 2.27856
667 0.000667155 0.000408961 0.000144438 1.3185e-05 7.54156 2.27856
668 0.00100683 0.00100124 0.000144438 1.3185e-05 7.54156 2.27856
669 0.00146222 0.000193635 0.000144438 1.3185e-05 7.54156 2.27856
670 0.000697241 0.000214198 0.000144438 1.3185e-05 7.54156 2.27856
671 0.0011626 0.000397125 0.000144438 1.3185e-05 7.54156 2.27856
672 0.0041585 0.00166795 0.000144438 1.3185e-05 7.54156 2.27856
673 0.00653455 0.000876512 0.000144438 1.3185e-05 7.54156 2.27856
674 0.000425595 0.00023261 0.000144438 1.3185e-05 7.54156 2.27856
675 0.000297485 0.000184739 0.000144438 1.3185e-05 7.54156 2.27856
676 0.000332548 0.000297946 0.000144438 1.3185e-05 7.54156 2.27856
677 0.000310373 0.000245818 0.000144438 1.3185e-05 7.54156 2.27856
678 0.000321657 0.000435806 0.000144438 1.3185e-05 7.54156 2.27856
679 0.000327366 0.000248462 0.000144438 1.3185e-05 7.54156 2.27856
680 0.000382145 0.000374229 0.000144438 1.3185e-05 7.54156 2.27856
681 0.000380781 0.000383169 0.000144438 1.3185e-05 7.54156 2.27856
682 0.000303322 0.000203931 0.000144438 1.3185e-05 7.54156 2.27856
683 0.000296368 0.000141313 0.000144438 1.3185e-05 7.54156 2.27856
684 0.000317937 0.000223274 0.000141313 1.26031e-05 7.45952 2.22771
685 0.000285144 0.000196383 0.000141313 1.26031e-05 7.45952 2.22771
686 0.000394781 0.000238039 0.000141313 1.26031e-05 7.45952 2.22771
687 0.000303049 0.000174241 0.000141313 1.26031e-05 7.45952 2.22771
688 0.000333004 0.000377638 0.000141313 1.26031e-05 7.45952 2.22771
689 0.000308507 0.000220542 0.000141313 1.26031e-05 7.45952 2.22771
690 0.000308958 0.000329772 0.000141313 1.26031e-05 7.45952 2.22771
691 0.000495303 0.000225508 0.000141313 1.26031e-05 7.45952 2.22771
692 0.00030007 0.000176958 0.000141313 1.26031e-05 7.45952 2.22771
693 0.00030008 0.000368896 0.000141313 1.26031e-05 7.45952 2.22771
694 0.00034224 0.000769636 0.000141313 1.26031e-05 7.45952 2.22771
695 0.000342352 0.000147047 0.000141313 1.26031e-05 7.45952 2.22771
696 0.000454252 0.000424672 0.000141313 1.26031e-05 7.45952 2.22771
697 0.000351265 0.00038803 0.000141313 1.26031e-05 7.45952 2.22771
698 0.000398496 0.000530208 0.000141313 1.26031e-05 7.45952 2.22771
699 0.000389885 0.000247231 0.000141313 1.26031e-05 7.45952 2.22771
700 0.000399883 0.000283669 0.000141313 1.26031e-05 7.45952 2.22771
701 0.000567433 0.000326835 0.000141313 1.26031e-05 7.45952 2.22771
702 0.000418323 0.00025552 0.000141313 1.26031e-05 7.45952 2.22771
703 0.000391265 0.000287766 0.000141313 1.26031e-05 7.45952 2.22771
704 0.000408785 0.000260098 0.000141313 1.26031e-05 7.45952 2.22771
705 0.000474942 0.000200559 0.000141313 1.26031e-05 7.45952 2.22771
706 0.000709997 0.00017937 0.000141313 1.26031e-05 7.45952 2.22771
707 0.000371941 0.00123368 0.000141313 1.26031e-05 7.45952 2.22771
708 0.000518586 0.000241636 0.000141313 1.26031e-05 7.45952 2.22771
709 0.000435135 0.000689457 0.000141313 1.26031e-05 7.45952 2.22771
710 0.000412783 0.000362601 0.000141313 1.26031e-05 7.45952 2.22771
711 0.000610389 0.000158532 0.000141313 1.26031e-05 7.45952 2.22771
712 0.000435079 0.000342194 0.000141313 1.26031e-05 7.45952 2.22771
713 0.000746011 0.000897177 0.000141313 1.26031e-05 7.45952 2.22771
714 0.000618695 0.000522879 0.000141313 1.26031e-05 7.45952 2.22771
715 0.00047397 0.000695579 0.000141313 1.26031e-05 7.45952 2.22771
716 0.00154701 0.000415177 0.000141313 1.26031e-05 7.45952 2.22771
717 0.000561635 0.000291693 0.000141313 1.26031e-05 7.45952 2.22771
718 0.000387475 0.000311796 0.000141313 1.26031e-05 7.45952 2.22771
719 0.000418087 0.000220183 0.000141313 1.26031e-05 7.45952 2.22771
720 0.000463325 0.000332584 0.000141313 1.26031e-05 7.45952 2.22771
721 0.000523456 0.000921763 0.000141313 1.26031e-05 7.45952 2.22771
722 0.000466609 0.000558004 0.000141313 1.26031e-05 7.45952 2.22771
723 0.00044769 0.00116785 0.000141313 1.26031e-05 7.45952 2.22771
724 0.000670325 0.00141688 0.000141313 1.26031e-05 7.45952 2.22771
725 0.000467757 0.000355062 0.000141313 1.26031e-05 7.45952 2.22771
726 0.000699619 0.000486303 0.000141313 1.26031e-05 7.45952 2.22771
727 0.000575234 0.000358144 0.000141313 1.26031e-05 7.45952 2.22771
728 0.000817293 0.000531686 0.000141313 1.26031e-05 7.45952 2.22771
729 0.000666058 0.000757922 0.000141313 1.26031e-05 7.45952 2.22771
730 0.000629897 0.000165529 0.000141313 1.26031e-05 7.45952 2.22771
731 0.000423968 0.000223531 0.000141313 1.26031e-05 7.45952 2.22771
732 0.000717003 0.000884525 0.000141313 1.26031e-05 7.45952 2.22771
733 0.000717383 0.00029768 0.000141313 1.26031e-05 7.45952 2.22771
734 0.000559336 0.000406443 0.000141313 1.26031e-05 7.45952 2.22771
735 0.000478107 0.000432132 0.000141313 1.26031e-05 7.45952 2.22771
736 0.00120496 0.00161308 0.000141313 1.26031e-05 7.45952 2.22771
737 0.000590932 0.000243668 0.000141313 1.26031e-05 7.45952 2.22771
738 0.000675703 0.000523822 0.000141313 1.26031e-05 7.45952 2.22771
739 0.000554511 0.000666565 0.000141313 1.26031e-05 7.45952 2.22771
740 0.000435698 0.000176002 0.000141313 1.26031e-05 7.45952 2.22771
741 0.00038909 0.000238064 0.000141313 1.26031e-05 7.45952 2.22771
742 0.000473515 0.000463272 0.000141313 1.26031e-05 7.45952 2.22771
743 0.000558131 0.000240867 0.000141313 1.26031e-05 7.45952 2.22771
744 0.000801699 0.000360527 0.000141313 1.26031e-05 7.45952 2.22771
745 0.000411795 0.000374415 0.000141313 1.26031e-05 7.45952 2.22771
746 0.000750808 0.00169969 0.000141313 1.26031e-05 7.45952 2.22771
747 0.000812204 0.000248956 0.000141313 1.26031e-05 7.45952 2.22771
748 0.000542748 0.000218929 0.000141313 1.26031e-05 7.45952 2.22771
749 0.00105758 0.000243347 0.000141313 1.26031e-05 7.45952 2.22771
750 0.000668052 0.00130286 0.000141313 1.26031e-05 7.45952 2.22771
751 0.000500648 0.000760264 0.000141313 1.26031e-05 7.45952 2.22771
752 0.00127109 0.00210134 0.000141313 1.26031e-05 7.45952 2.22771
753 0.0008271 0.000279583 0.000141313 1.26031e-05 7.45952 2.22771
754 0.000436045 0.000290595 0.000141313 1.26031e-05 7.45952 2.22771
755 0.000510797 0.000275724 0.000141313 1.26031e-05 7.45952 2.22771
756 0.000846471 0.000312113 0.000141313 1.26031e-05 7.45952 2.22771
757 0.000385221 0.000689673 0.000141313 1.26031e-05 7.45952 2.22771
758 0.000450885 0.000371155 0.000141313 1.26031e-05 7.45952 2.22771
759 0.000668604 0.000164943 0.000141313 1.26031e-05 7.45952 2.22771
760 0.000690562 0.000138318 0.000141313 1.26031e-05 7.45952 2.22771
761 0.000852995 0.00025994 0.000138318 1.20411e-05 7.38005 2.17748
762 0.000458377 0.000225431 0.000138318 1.20411e-05 7.38005 2.17748
763 0.0010392 0.000269001 0.000138318 1.20411e-05 7.38005 2.17748
764 0.0013386 0.000194425 0.000138318 1.20411e-05 7.38005 2.17748
765 0.000564615 0.000160608 0.000138318 1.20411e-05 7.38005 2.17748
766 0.000548893 0.00040748 0.000138318 1.20411e-05 7.38005 2.17748
767 0.000463972 0.000309446 0.000138318 1.20411e-05 7.38005 2.17748
768 0.000433255 0.000256208 0.000138318 1.20411e-05 7.38005 2.17748
769 0.000901736 0.0010952 0.000138318 1.20411e-05 7.38005 2.17748
770 0.000540793 0.000786003 0.000138318 1.20411e-05 7.38005 2.17748
771 0.00061381 0.000433366 0.000138318 1.20411e-05 7.38005 2.17748
772 0.000668087 0.00144739 0.000138318 1.20411e-05 7.38005 2.17748
773 0.000760734 0.000192296 0.000138318 1.20411e-05 7.38005 2.17748
774 0.000665025 0.000484715 0.000138318 1.20411e-05 7.38005 2.17748
775 0.00043858 0.000210081 0.000138318 1.20411e-05 7.38005 2.17748
776 0.000561192 0.000439166 0.000138318 1.20411e-05 7.38005 2.17748
777 0.000497739 0.000179337 0.000138318 1.20411e-05 7.38005 2.17748
778 0.000438808 0.00104116 0.000138318 1.20411e-05 7.38005 2.17748
779 0.000832085 0.00041653 0.000138318 1.20411e-05 7.38005 2.17748
780 0.000912676 0.000182012 0.000138318 1.20411e-05 7.38005 2.17748
781 0.000463866 0.000436827 0.000138318 1.20411e-05 7.38005 2.17748
782 0.000457589 0.000186025 0.000138318 1.20411e-05 7.38005 2.17748
783 0.000500744 0.000201203 0.000138318 1.20411e-05 7.38005 2.17748
784 0.000355302 0.000563095 0.000138318 1.20411e-05 7.38005 2.17748
785 0.000537791 0.00144159 0.000138318 1.20411e-05 7.38005 2.17748
786 0.000558958 0.000891858 0.000138318 1.20411e-05 7.38005 2.17748
787 0.000588951 0.000224107 0.000138318 1.20411e-05 7.38005 2.17748
788 0.00042667 0.000554701 0.000138318 1.20411e-05 7.38005 2.17748
789 0.000376654 0.000412809 0.000138318 1.20411e-05 7.38005 2.17748
790 0.000520114 0.000283009 0.000138318 1.20411e-05 7.38005 2.17748
791 0.000583606 0.000634117 0.000138318 1.20411e-05 7.38005 2.17748
792 0.000668218 0.000965665 0.000138318 1.20411e-05 7.38005 2.17748
793 0.000873964 0.000728441 0.000138318 1.20411e-05 7.38005 2.17748
794 0.000442416 0.000380561 0.000138318 1.20411e-05 7.38005 2.17748
795 0.000510689 0.000868 0.000138318 1.20411e-05 7.38005 2.17748
796 0.000899362 0.000295166 0.000138318 1.20411e-05 7.38005 2.17748
797 0.000879972 0.00170692 0.000138318 1.20411e-05 7.38005 2.17748
798 0.000562028 0.00026317 0.000138318 1.20411e-05 7.38005 2.17748
799 0.000973549 0.000345015 0.000138318 1.20411e-05 7.38005 2.17748
800 0.00044098 0.000163805 0.000138318 1.20411e-05 7.38005 2.17748
801 0.000458442 0.000495553 0.000138318 1.20411e-05 7.38005 2.17748
802 0.000521205 0.000559444 0.000138318 1.20411e-05 7.38005 2.17748
803 0.000820428 0.000284539 0.000138318 1.20411e-05 7.38005 2.17748
804 0.000579197 0.000535132 0.000138318 1.20411e-05 7.38005 2.17748
805 0.000958386 0.00105595 0.000138318 1.20411e-05 7.38005 2.17748
806 0.000697264 0.000443429 0.000138318 1.20411e-05 7.38005 2.17748
807 0.00071994 0.000734291 0.000138318 1.20411e-05 7.38005 2.17748
808 0.000943633 0.000272045 0.000138318 1.20411e-05 7.38005 2.17748
809 0.000592917 0.000767509 0.000138318 1.20411e-05 7.38005 2.17748
810 0.000436402 0.000165963 0.000138318 1.20411e-05 7.38005 2.17748
811 0.0003519 0.000416158 0.000138318 1.20411e-05 7.38005 2.17748
812 0.00040079 0.000841399 0.000138318 1.20411e-05 7.38005 2.17748
813 0.00112576 0.000496415 0.000138318 1.20411e-05 7.38005 2.17748
814 0.000770856 0.000238903 0.000138318 1.20411e-05 7.38005 2.17748
815 0.00084708 0.00131962 0.000138318 1.20411e-05 7.38005 2.17748
816 0.0013636 0.000326631 0.000138318 1.20411e-05 7.38005 2.17748
817 0.000494232 0.00061653 0.000138318 1.20411e-05 7.38005 2.17748
818 0.000794141 0.00156176 0.000138318 1.20411e-05 7.38005 2.17748
819 0.00164715 0.000380333 0.000138318 1.20411e-05 7.38005 2.17748
820 0.000505681 0.000381569 0.000138318 1.20411e-05 7.38005 2.17748
821 0.000409268 0.000369027 0.000138318 1.20411e-05 7.38005 2.17748
822 0.000646078 0.000164602 0.000138318 1.20411e-05 7.38005 2.17748
823 0.000519101 0.000213392 0.000138318 1.20411e-05 7.38005 2.17748
824 0.000463938 0.000584169 0.000138318 1.20411e-05 7.38005 2.17748
825 0.000336966 0.000297929 0.000138318 1.20411e-05 7.38005 2.17748
826 0.000464316 0.000259949 0.000138318 1.20411e-05 7.38005 2.17748
827 0.000466334 0.00026351 0.000138318 1.20411e-05 7.38005 2.17748
828 0.000342831 0.000234469 0.000138318 1.20411e-05 7.38005 2.17748
829 0.000574581 0.000516988 0.000138318 1.20411e-05 7.38005 2.17748
830 0.000562211 0.00128234 0.000138318 1.20411e-05 7.38005 2.17748
831 0.000674985 0.00049741 0.000138318 1.20411e-05 7.38005 2.17748
832 0.00064145 0.000970948 0.000138318 1.20411e-05 7.38005 2.17748
833 0.000980785 0.00024182 0.000138318 1.20411e-05 7.38005 2.17748
834 0.000565633 0.000354481 0.000138318 1.20411e-05 7.38005 2.17748
835 0.000756309 0.000468712 0.000138318 1.20411e-05 7.38005 2.17748
836 0.000717109 0.000417489 0.000138318 1.20411e-05 7.38005 2.17748
837 0.000615809 0.000388181 0.000138318 1.20411e-05 7.38005 2.17748
838 0.000608383 0.00129829 0.000138318 1.20411e-05 7.38005 2.17748
839 0.00100937 0.000306524 0.000138318 1.20411e-05 7.38005 2.17748
840 0.000472207 0.000247995 0.000138318 1.20411e-05 7.38005 2.17748
841 0.000364574 0.000699156 0.000138318 1.20411e-05 7.38005 2.17748
842 0.000594154 0.000468791 0.000138318 1.20411e-05 7.38005 2.17748
843 0.00062925 0.00154167 0.000138318 1.20411e-05 7.38005 2.17748
844 0.000798369 0.000180294 0.000138318 1.20411e-05 7.38005 2.17748
845 0.000589324 0.000510229 0.000138318 1.20411e-05 7.38005 2.17748
846 0.00040593 0.000206954 0.000138318 1.20411e-05 7.38005 2.17748
847 0.000730587 0.000215869 0.000138318 1.20411e-05 7.38005 2.17748
848 0.000604571 0.00019591 0.000138318 1.20411e-05 7.38005 2.17748
849 0.000564806 0.000432792 0.000138318 1.20411e-05 7.38005 2.17748
850 0.000689713 0.00109651 0.000138318 1.20411e-05 7.38005 2.17748
851 0.000506852 0.000557272 0.000138318 1.20411e-05 7.38005 2.17748
852 0.000540621 0.000548019 0.000138318 1.20411e-05 7.38005 2.17748
853 0.000482451 0.000621489 0.000138318 1.20411e-05 7.38005 2.17748
854 0.000833939 0.00262073 0.000138318 1.20411e-05 7.38005 2.17748
855 0.000734421 0.00101686 0.000138318 1.20411e-05 7.38005 2.17748
856 0.000855597 0.00069132 0.000138318 1.20411e-05 7.38005 2.17748
857 0.0010339 0.00139884 0.000138318 1.20411e-05 7.38005 2.17748
858 0.0011255 0.000269632 0.000138318 1.20411e-05 7.38005 2.17748
859 0.00085739 0.00175672 0.000138318 1.20411e-05 7.38005 2.17748
860 0.000904742 0.00050519 0.000138318 1.20411e-05 7.38005 2.17748
861 0.00030902 0.000229146 0.000138318 1.20411e-05 7.38005 2.17748
862 0.000280017 0.000181015 0.000138318 1.20411e-05 7.38005 2.17748
863 0.000333605 0.000191565 0.000138318 1.20411e-05 7.38005 2.17748
864 0.000300941 0.000401077 0.000138318 1.20411e-05 7.38005 2.17748
865 0.000337673 0.000208944 0.000138318 1.20411e-05 7.38005 2.17748
866 0.000307074 0.00017915 0.000138318 1.20411e-05 7.38005 2.17748
867 0.000310846 0.000211034 0.000138318 1.20411e-05 7.38005 2.17748
868 0.000279024 0.000155727 0.000138318 1.20411e-05 7.38005 2.17748
869 0.000289097 0.000177499 0.000138318 1.20411e-05 7.38005 2.17748
870 0.000296082 0.000176214 0.000138318 1.20411e-05 7.38005 2.17748
871 0.00031655 0.00019497 0.000138318 1.20411e-05 7.38005 2.17748
872 0.000285473 0.000214243 0.000138318 1.20411e-05 7.38005 2.17748
873 0.000319804 0.000235323 0.000138318 1.20411e-05 7.38005 2.17748
874 0.000281912 0.000263252 0.000138318 1.20411e-05 7.38005 2.17748
875 0.000295985 0.000315424 0.000138318 1.20411e-05 7.38005 2.17748
876 0.000378566 0.000184938 0.000138318 1.20411e-05 7.38005 2.17748
877 0.000304809 0.000382938 0.000138318 1.20411e-05 7.38005 2.17748
878 0.000314718 0.000262016 0.000138318 1.20411e-05 7.38005 2.17748
879 0.000297958 0.000322281 0.000138318 1.20411e-05 7.38005 2.17748
880 0.000283103 0.000235039 0.000138318 1.20411e-05 7.38005 2.17748
881 0.000272054 0.000280714 0.000138318 1.20411e-05 7.38005 2.17748
882 0.000297358 0.000213823 0.000138318 1.20411e-05 7.38005 2.17748
883 0.000315776 0.000237124 0.000138318 1.20411e-05 7.38005 2.17748
884 0.000323916 0.000342259 0.000138318 1.20411e-05 7.38005 2.17748
885 0.000276258 0.000196768 0.000138318 1.20411e-05 7.38005 2.17748
886 0.000312985 0.000162421 0.000138318 1.20411e-05 7.38005 2.17748
887 0.000294786 0.000207896 0.000138318 1.20411e-05 7.38005 2.17748
888 0.000278266 0.000139582 0.000138318 1.20411e-05 7.38005 2.17748
889 0.000369839 0.000321535 0.000138318 1.20411e-05 7.38005 2.17748
890 0.000339241 0.000246376 0.000138318 1.20411e-05 7.38005 2.17748
891 0.000337559 0.000344209 0.000138318 1.20411e-05 7.38005 2.17748
892 0.000355493 0.000311464 0.000138318 1.20411e-05 7.38005 2.17748
893 0.000286275 0.000339617 0.000138318 1.20411e-05 7.38005 2.17748
894 0.000310757 0.000334082 0.000138318 1.20411e-05 7.38005 2.17748
895 0.00036644 0.000230167 0.000138318 1.20411e-05 7.38005 2.17748
896 0.000310311 0.000248802 0.000138318 1.20411e-05 7.38005 2.17748
897 0.000399192 0.00111559 0.000138318 1.20411e-05 7.38005 2.17748
898 0.000493406 0.000169394 0.000138318 1.20411e-05 7.38005 2.17748
899 0.000353996 0.000182951 0.000138318 1.20411e-05 7.38005 2.17748
900 0.000339983 0.000375097 0.000138318 1.20411e-05 7.38005 2.17748
901 0.000479884 0.000820535 0.000138318 1.20411e-05 7.38005 2.17748
902 0.000428683 0.000230959 0.000138318 1.20411e-05 7.38005 2.17748
903 0.00030304 0.000319287 0.000138318 1.20411e-05 7.38005 2.17748
904 0.000348972 0.000200297 0.000138318 1.20411e-05 7.38005 2.17748
905 0.000471017 0.00020135 0.000138318 1.20411e-05 7.38005 2.17748
906 0.000727137 0.000195927 0.000138318 1.20411e-05 7.38005 2.17748
907 0.000428155 0.000326852 0.000138318 1.20411e-05 7.38005 2.17748
908 0.000370098 0.00022997 0.000138318 1.20411e-05 7.38005 2.17748
909 0.000343713 0.000297837 0.000138318 1.20411e-05 7.38005 2.17748
910 0.000377326 0.000245626 0.000138318 1.20411e-05 7.38005 2.17748
911 0.000290511 0.000409048 0.000138318 1.20411e-05 7.38005 2.17748
912 0.000313133 0.000176423 0.000138318 1.20411e-05 7.38005 2.17748
913 0.000294393 0.000345716 0.000138318 1.20411e-05 7.38005 2.17748
914 0.000309087 0.000592042 0.000138318 1.20411e-05 7.38005 2.17748
915 0.00038693 0.000266688 0.000138318 1.20411e-05 7.38005 2.17748
916 0.000525918 0.000131017 0.000138318 1.20411e-05 7.38005 2.17748
917 0.000301868 0.000608423 0.000131017 1.16096e-05 7.18263 2.13811
918 0.000308555 0.000215169 0.000131017 1.16096e-05 7.18263 2.13811
919 0.000355243 0.000257497 0.000131017 1.16096e-05 7.18263 2.13811
920 0.000447592 0.000237626 0.000131017 1.16096e-05 7.18263 2.13811
921 0.000370373 0.000223321 0.000131017 1.16096e-05 7.18263 2.13811
922 0.000422705 0.000381868 0.000131017 1.16096e-05 7.18263 2.13811
923 0.00036274 0.000325731 0.000131017 1.16096e-05 7.18263 2.13811
924 0.00039402 0.000388918 0.000131017 1.16096e-05 7.18263 2.13811
925 0.000552266 0.000216317 0.000131017 1.16096e-05 7.18263 2.13811
926 0.00042209 0.000406179 0.000131017 1.16096e-05 7.18263 2.13811
927 0.000394036 0.000183646 0.000131017 1.16096e-05 7.18263 2.13811
928 0.000349587 0.000257343 0.000131017 1.16096e-05 7.18263 2.13811
929 0.000339715 0.000230444 0.000131017 1.16096e-05 7.18263 2.13811
930 0.000293288 0.0002947 0.000131017 1.16096e-05 7.18263 2.13811
931 0.000429222 0.000143909 0.000131017 1.16096e-05 7.18263 2.13811
932 0.000307763 0.000327426 0.000131017 1.16096e-05 7.18263 2.13811
933 0.000318146 0.000405863 0.000131017 1.16096e-05 7.18263 2.13811
934 0.0002932 0.000340304 0.000131017 1.16096e-05 7.18263 2.13811
935 0.000496431 0.000281646 0.000131017 1.16096e-05 7.18263 2.13811
936 0.000344051 0.000227238 0.000131017 1.16096e-05 7.18263 2.13811
937 0.00045863 0.00038667 0.000131017 1.16096e-05 7.18263 2.13811
938 0.000346191 0.000178214 0.000131017 1.16096e-05 7.18263 2.13811
939 0.000528331 0.000370282 0.000131017 1.16096e-05 7.18263 2.13811
940 0.000449604 0.000578976 0.000131017 1.16096e-05 7.18263 2.13811
941 0.000387894 0.000182684 0.000131017 1.16096e-05 7.18263 2.13811
942 0.000361848 0.000243424 0.000131017 1.16096e-05 7.18263 2.13811
943 0.00045266 0.000226066 0.000131017 1.16096e-05 7.18263 2.13811
944 0.000336583 0.000952354 0.000131017 1.16096e-05 7.18263 2.13811
945 0.000469405 0.000432871 0.000131017 1.16096e-05 7.18263 2.13811
946 0.000389517 0.000552222 0.000131017 1.16096e-05 7.18263 2.13811
947 0.000327589 0.000178442 0.000131017 1.16096e-05 7.18263 2.13811
948 0.000352773 0.000263594 0.000131017 1.16096e-05 7.18263 2.13811
949 0.000292696 0.000365569 0.000131017 1.16096e-05 7.18263 2.13811
950 0.000391751 0.000520402 0.000131017 1.16096e-05 7.18263 2.13811
951 0.000491353 0.000391074 0.000131017 1.16096e-05 7.18263 2.13811
952 0.000367844 0.00042471 0.000131017 1.16096e-05 7.18263 2.13811
953 0.00038884 0.000476274 0.000131017 1.16096e-05 7.18263 2.13811
954 0.000373801 0.000256754 0.000131017 1.16096e-05 7.18263 2.13811
955 0.000501254 0.000433182 0.000131017 1.16096e-05 7.18263 2.13811
956 0.000336272 0.000177187 0.000131017 1.16096e-05 7.18263 2.13811
957 0.00036788 0.000255064 0.000131017 1.16096e-05 7.18263 2.13811
958 0.000349447 0.000306469 0.000131017 1.16096e-05 7.18263 2.13811
959 0.000320413 0.000233192 0.000131017 1.16096e-05 7.18263 2.13811
960 0.000315292 0.000345052 0.000131017 1.16096e-05 7.18263 2.13811
961 0.000583464 0.000542917 0.000131017 1.16096e-05 7.18263 2.13811
962 0.000379954 0.000143985 0.000131017 1.16096e-05 7.18263 2.13811
963 0.00030279 0.00022174 0.000131017 1.16096e-05 7.18263 2.13811
964 0.000306881 0.00039518 0.000131017 1.16096e-05 7.18263 2.13811
965 0.000315496 0.000206332 0.000131017 1.16096e-05 7.18263 2.13811
966 0.000626511 0.000759636 0.000131017 1.16096e-05 7.18263 2.13811
967 0.000597794 0.000212081 0.000131017 1.16096e-05 7.18263 2.13811
968 0.000521009 0.000930547 0.000131017 1.16096e-05 7.18263 2.13811
969 0.000451478 0.000127968 0.000131017 1.16096e-05 7.18263 2.13811
970 0.000336724 0.000195569 0.000127968 1.16094e-05 7.09858 2.13809
971 0.000408705 0.000416342 0.000127968 1.16094e-05 7.09858 2.13809
972 0.000362591 0.00044047 0.000127968 1.16094e-05 7.09858 2.13809
973 0.000450124 0.000293492 0.000127968 1.16094e-05 7.09858 2.13809
974 0.000452823 0.000417343 0.000127968 1.16094e-05 7.09858 2.13809
975 0.000353517 0.000173413 0.000127968 1.16094e-05 7.09858 2.13809
976 0.000367212 0.000667653 0.000127968 1.16094e-05 7.09858 2.13809
977 0.00046761 0.00021397 0.000127968 1.16094e-05 7.09858 2.13809
978 0.000314035 0.000245474 0.000127968 1.16094e-05 7.09858 2.13809
979 0.000341816 0.000214675 0.000127968 1.16094e-05 7.09858 2.13809
980 0.000355411 0.000251167 0.000127968 1.16094e-05 7.09858 2.13809
981 0.000299806 0.000240829 0.000127968 1.16094e-05 7.09858 2.13809
982 0.000417761 0.000412292 0.000127968 1.16094e-05 7.09858 2.13809
983 0.000401904 0.000248227 0.000127968 1.16094e-05 7.09858 2.13809
984 0.000421643 0.000153972 0.000127968 1.16094e-05 7.09858 2.13809
985 0.000396271 0.000167659 0.000127968 1.16094e-05 7.09858 2.13809
986 0.000378396 0.000567959 0.000127968 1.16094e-05 7.09858 2.13809
987 0.000963893 0.000311085 0.000127968 1.16094e-05 7.09858 2.13809
988 0.00044657 0.000362956 0.000127968 1.16094e-05 7.09858 2.13809
989 0.000297607 0.000260372 0.000127968 1.16094e-05 7.09858 2.13809
990 0.000335863 0.000381342 0.000127968 1.16094e-05 7.09858 2.13809
991 0.00033436 0.000618675 0.000127968 1.16094e-05 7.09858 2.13809
992 0.000446382 0.000379597 0.000127968 1.16094e-05 7.09858 2.13809
993 0.000447855 0.00034334 0.000127968 1.16094e-05 7.09858 2.13809
994 0.000314188 0.000258374 0.000127968 1.16094e-05 7.09858 2.13809
995 0.000384632 0.000584184 0.000127968 1.16094e-05 7.09858 2.13809
996 0.000424968 0.000266744 0.000127968 1.16094e-05 7.09858 2.13809
997 0.000294414 0.000225078 0.000127968 1.16094e-05 7.09858 2.13809
998 0.000284357 0.000229939 0.000127968 1.16094e-05 7.09858 2.13809
999 0.000319531 0.000330965 0.000127968 1.16094e-05 7.09858 2.13809
1000 0.000344368 0.000315542 0.000127968 1.16094e-05 7.09858 2.13809
1001 0.000368459 0.000242474 0.000127968 1.16094e-05 7.09858 2.13809
1002 0.000419139 0.000177112 0.000127968 1.16094e-05 7.09858 2.13809
1003 0.000345216 0.000378985 0.000127968 1.16094e-05 7.09858 2.13809
1004 0.000363935 0.000231543 0.000127968 1.16094e-05 7.09858 2.13809
1005 0.000417545 0.000545008 0.000127968 1.16094e-05 7.09858 2.13809
1006 0.000351656 0.000204915 0.000127968 1.16094e-05 7.09858 2.13809
1007 0.000340355 0.000508944 0.000127968 1.16094e-05 7.09858 2.13809
1008 0.000382274 0.000320149 0.000127968 1.16094e-05 7.09858 2.13809
1009 0.00032033 0.000132207 0.000127968 1.16094e-05 7.09858 2.13809
1010 0.00044014 0.000204564 0.000127968 1.16094e-05 7.09858 2.13809
1011 0.000354938 0.000841686 0.000127968 1.16094e-05 7.09858 2.13809
1012 0.00041826 0.000183407 0.000127968 1.16094e-05 7.09858 2.13809
1013 0.000343489 0.000188342 0.000127968 1.16094e-05 7.09858 2.13809
1014 0.000532818 0.000122446 0.000127968 1.16094e-05 7.09858 2.13809
1015 0.000367067 0.000364245 0.000122446 1.14385e-05 6.94373 2.12229
1016 0.000443463 0.00026471 0.000122446 1.14385e-05 6.94373 2.12229
1017 0.000394627 0.000242177 0.000122446 1.14385e-05 6.94373 2.12229
1018 0.000275415 0.000234183 0.000122446 1.14385e-05 6.94373 2.12229
1019 0.000300238 0.000331938 0.000122446 1.14385e-05 6.94373 2.12229
1020 0.000296067 0.000175483 0.000122446 1.14385e-05 6.94373 2.12229
1021 0.000317877 0.000202755 0.000122446 1.14385e-05 6.94373 2.12229
1022 0.000330815 0.000205356 0.000122446 1.14385e-05 6.94373 2.12229
1023 0.000325342 0.0003424 0.000122446 1.14385e-05 6.94373 2.12229
1024 0.000338591 0.000261034 0.000122446 1.14385e-05 6.94373 2.12229
1025 0.000416983 0.000194836 0.000122446 1.14385e-05 6.94373 2.12229
1026 0.000322431 0.000257041 0.000122446 1.14385e-05 6.94373 2.12229
1027 0.000294317 0.00025262 0.000122446 1.14385e-05 6.94373 2.12229
1028 0.000496247 0.000350571 0.000122446 1.14385e-05 6.94373 2.12229
1029 0.000359301 0.000338807 0.000122446 1.14385e-05 6.94373 2.12229
1030 0.000457611 0.000167245 0.000122446 1.14385e-05 6.94373 2.12229
1031 0.000544095 0.000667958 0.000122446 1.14385e-05 6.94373 2.12229
1032 0.000459077 0.00060952 0.000122446 1.14385e-05 6.94373 2.12229
1033 0.000483622 0.000978963 0.000122446 1.14385e-05 6.94373 2.12229
1034 0.000513874 0.000771068 0.000122446 1.14385e-05 6.94373 2.12229
1035 0.000372919 0.000220985 0.000122446 1.14385e-05 6.94373 2.12229
1036 0.000368558 0.00044762 0.000122446 1.14385e-05 6.94373 2.12229
1037 0.000341194 0.0002712 0.000122446 1.14385e-05 6.94373 2.12229
1038 0.000283915 0.000159795 0.000122446 1.14385e-05 6.94373 2.12229
1039 0.000411912 0.000207683 0.000122446 1.14385e-05 6.94373 2.12229
1040 0.000347629 0.00019182 0.000122446 1.14385e-05 6.94373 2.12229
1041 0.00034516 0.000289426 0.000122446 1.14385e-05 6.94373 2.12229
1042 0.000394801 0.000259998 0.000122446 1.14385e-05 6.94373 2.12229
1043 0.00036818 0.000255308 0.000122446 1.14385e-05 6.94373 2.12229
1044 0.000306677 0.000121647 0.000122446 1.14385e-05 6.94373 2.12229
1045 0.000431232 0.000287976 0.000121647 1.13251e-05 6.92104 2.11175
1046 0.00035606 0.00016214 0.000121647 1.13251e-05 6.92104 2.11175
1047 0.000591492 0.000371111 0.000121647 1.13251e-05 6.92104 2.11175
1048 0.000313042 0.000151422 0.000121647 1.13251e-05 6.92104 2.11175
1049 0.000315753 0.000297004 0.000121647 1.13251e-05 6.92104 2.11175
1050 0.000397037 0.000279874 0.000121647 1.13251e-05 6.92104 2.11175
1051 0.000306462 0.000236171 0.000121647 1.13251e-05 6.92104 2.11175
1052 0.00033132 0.00045343 0.000121647 1.13251e-05 6.92104 2.11175
1053 0.000443398 0.000428889 0.000121647 1.13251e-05 6.92104 2.11175
1054 0.000458917 0.000218939 0.000121647 1.13251e-05 6.92104 2.11175
1055 0.00030637 0.000506039 0.000121647 1.13251e-05 6.92104 2.11175
1056 0.000326585 0.000281997 0.000121647 1.13251e-05 6.92104 2.11175
1057 0.000408334 0.000322476 0.000121647 1.13251e-05 6.92104 2.11175
1058 0.000441969 0.000256475 0.000121647 1.13251e-05 6.92104 2.11175
1059 0.000363223 0.000211201 0.000121647 1.13251e-05 6.92104 2.11175
1060 0.000390661 0.000725137 0.000121647 1.13251e-05 6.92104 2.11175
1061 0.000390008 0.000791334 0.000121647 1.13251e-05 6.92104 2.11175
1062 0.000393035 0.000293315 0.000121647 1.13251e-05 6.92104 2.11175
1063 0.000418884 0.00023431 0.000121647 1.13251e-05 6.92104 2.11175
1064 0.000282661 0.00020824 0.000121647 1.13251e-05 6.92104 2.11175
1065 0.000451203 0.000672666 0.000121647 1.13251e-05 6.92104 2.11175
1066 0.000395943 0.000171133 0.000121647 1.13251e-05 6.92104 2.11175
1067 0.000332957 0.000373343 0.000121647 1.13251e-05 6.92104 2.11175
1068 0.00037034 0.000268354 0.000121647 1.13251e-05 6.92104 2.11175
1069 0.000398805 0.00109373 0.000121647 1.13251e-05 6.92104 2.11175
1070 0.000546995 0.000303055 0.000121647 1.13251e-05 6.92104 2.11175
1071 0.000419607 0.00042168 0.000121647 1.13251e-05 6.92104 2.11175
1072 0.000325462 0.000384705 0.000121647 1.13251e-05 6.92104 2.11175
1073 0.000413161 0.000185797 0.000121647 1.13251e-05 6.92104 2.11175
1074 0.000409345 0.000189478 0.000121647 1.13251e-05 6.92104 2.11175
1075 0.000424177 0.000221048 0.000121647 1.13251e-05 6.92104 2.11175
1076 0.000386078 0.000167471 0.000121647 1.13251e-05 6.92104 2.11175
1077 0.000307316 0.000184583 0.000121647 1.13251e-05 6.92104 2.11175
1078 0.000318217 0.000225608 0.000121647 1.13251e-05 6.92104 2.11175
1079 0.000313638 0.000185939 0.000121647 1.13251e-05 6.92104 2.11175
1080 0.00033924 0.000247437 0.000121647 1.13251e-05 6.92104 2.11175
1081 0.000300622 0.000167076 0.000121647 1.13251e-05 6.92104 2.11175
1082 0.00043017 0.000351751 0.000121647 1.13251e-05 6.92104 2.11175
1083 0.000403004 0.000315598 0.000121647 1.13251e-05 6.92104 2.11175
1084 0.000331685 0.000230587 0.000121647 1.13251e-05 6.92104 2.11175
1085 0.000347243 0.00022962 0.000121647 1.13251e-05 6.92104 2.11175
1086 0.000436472 0.000521986 0.000121647 1.13251e-05 6.92104 2.11175
1087 0.000508411 0.000692934 0.000121647 1.13251e-05 6.92104 2.11175
1088 0.000445283 0.00051601 0.000121647 1.13251e-05 6.92104 2.11175
1089 0.000310989 0.000163596 0.000121647 1.13251e-05 6.92104 2.11175
1090 0.000454224 0.000376763 0.000121647 1.13251e-05 6.92104 2.11175
1091 0.000385062 0.000265617 0.000121647 1.13251e-05 6.92104 2.11175
1092 0.000344874 0.000253715 0.000121647 1.13251e-05 6.92104 2.11175
1093 0.000421975 0.000283223 0.000121647 1.13251e-05 6.92104 2.11175
1094 0.000375805 0.000364508 0.000121647 1.13251e-05 6.92104 2.11175
1095 0.000350346 0.00013357 0.000121647 1.13251e-05 6.92104 2.11175
1096 0.000485216 0.000427455 0.000121647 1.13251e-05 6.92104 2.11175
1097 0.000419727 0.000586731 0.000121647 1.13251e-05 6.92104 2.11175
1098 0.000404346 0.000767475 0.000121647 1.13251e-05 6.92104 2.11175
1099 0.000470475 0.000782668 0.000121647 1.13251e-05 6.92104 2.11175
1100 0.000445997 0.000422683 0.000121647 1.13251e-05 6.92104 2.11175
1101 0.00032518 0.000136571 0.000121647 1.13251e-05 6.92104 2.11175
1102 0.000332966 0.00061072 0.000121647 1.13251e-05 6.92104 2.11175
1103 0.000694115 0.000257221 0.000121647 1.13251e-05 6.92104 2.11175
1104 0.000470474 0.000157796 0.000121647 1.13251e-05 6.92104 2.11175
1105 0.000291594 0.000188465 0.000121647 1.13251e-05 6.92104 2.11175
1106 0.00033473 0.000334442 0.000121647 1.13251e-05 6.92104 2.11175
1107 0.00030572 0.00014779 0.000121647 1.13251e-05 6.92104 2.11175
1108 0.000426895 0.000332427 0.000121647 1.13251e-05 6.92104 2.11175
1109 0.00035749 0.000269115 0.000121647 1.13251e-05 6.92104 2.11175
1110 0.000354025 0.000199708 0.000121647 1.13251e-05 6.92104 2.11175
1111 0.0003085 0.000212234 0.000121647 1.13251e-05 6.92104 2.11175
1112 0.000340787 0.000352237 0.000121647 1.13251e-05 6.92104 2.11175
1113 0.000330263 0.000388901 0.000121647 1.13251e-05 6.92104 2.11175
1114 0.000390687 0.000301914 0.000121647 1.13251e-05 6.92104 2.11175
1115 0.000462925 0.000263131 0.000121647 1.13251e-05 6.92104 2.11175
1116 0.000352778 0.000383824 0.000121647 1.13251e-05 6.92104 2.11175
1117 0.000421664 0.000243442 0.000121647 1.13251e-05 6.92104 2.11175
1118 0.000331575 0.000198219 0.000121647 1.13251e-05 6.92104 2.11175
1119 0.000297966 0.000281135 0.000121647 1.13251e-05 6.92104 2.11175
1120 0.000328994 0.000278878 0.000121647 1.13251e-05 6.92104 2.11175
1121 0.000386228 0.00022631 0.000121647 1.13251e-05 6.92104 2.11175
1122 0.000341511 0.000311885 0.000121647 1.13251e-05 6.92104 2.11175
1123 0.000348099 0.000308843 0.000121647 1.13251e-05 6.92104 2.11175
1124 0.000303761 0.000675827 0.000121647 1.13251e-05 6.92104 2.11175
1125 0.000370867 0.000327481 0.000121647 1.13251e-05 6.92104 2.11175
1126 0.000385317 0.000144005 0.000121647 1.13251e-05 6.92104 2.11175
1127 0.000334856 0.000229335 0.000121647 1.13251e-05 6.92104 2.11175
1128 0.000327891 0.000536252 0.000121647 1.13251e-05 6.92104 2.11175
1129 0.000603922 0.000344817 0.000121647 1.13251e-05 6.92104 2.11175
1130 0.000362773 0.000156676 0.000121647 1.13251e-05 6.92104 2.11175
1131 0.000329416 0.000334211 0.000121647 1.13251e-05 6.92104 2.11175
1132 0.00059805 0.00258296 0.000121647 1.13251e-05 6.92104 2.11175
1133 0.000758103 0.000165282 0.000121647 1.13251e-05 6.92104 2.11175
1134 0.000431575 0.000241787 0.000121647 1.13251e-05 6.92104 2.11175
1135 0.000461228 0.000538787 0.000121647 1.13251e-05 6.92104 2.11175
1136 0.000362209 0.000289096 0.000121647 1.13251e-05 6.92104 2.11175
1137 0.00035019 0.000348179 0.000121647 1.13251e-05 6.92104 2.11175
1138 0.000503843 0.000883002 0.000121647 1.13251e-05 6.92104 2.11175
1139 0.000555077 0.000248631 0.000121647 1.13251e-05 6.92104 2.11175
1140 0.000370334 0.000167715 0.000121647 1.13251e-05 6.92104 2.11175
1141 0.000341535 0.000181723 0.000121647 1.13251e-05 6.92104 2.11175
1142 0.000411322 0.000233962 0.000121647 1.13251e-05 6.92104 2.11175
1143 0.000378448 0.000181454 0.000121647 1.13251e-05 6.92104 2.11175
1144 0.000481116 0.000202289 0.000121647 1.13251e-05 6.92104 2.11175
1145 0.000290043 0.000229828 0.000121647 1.13251e-05 6.92104 2.11175
1146 0.000264997 0.000188278 0.000121647 1.13251e-05 6.92104 2.11175
1147 0.00028469 0.000231739 0.000121647 1.13251e-05 6.92104 2.11175
1148 0.000284223 0.000458303 0.000121647 1.13251e-05 6.92104 2.11175
1149 0.000282331 0.000171089 0.000121647 1.13251e-05 6.92104 2.11175
1150 0.000275383 0.000185643 0.000121647 1.13251e-05 6.92104 2.11175
1151 0.000276765 0.000363443 0.000121647 1.13251e-05 6.92104 2.11175
1152 0.000274083 0.000213983 0.000121647 1.13251e-05 6.92104 2.11175
1153 0.000257693 0.000189959 0.000121647 1.13251e-05 6.92104 2.11175
1154 0.000281618 0.000225493 0.000121647 1.13251e-05 6.92104 2.11175
1155 0.000266343 0.000192459 0.000121647 1.13251e-05 6.92104 2.11175
1156 0.000261026 0.000218517 0.000121647 1.13251e-05 6.92104 2.11175
1157 0.000310187 0.000322587 0.000121647 1.13251e-05 6.92104 2.11175
1158 0.000305007 0.000502217 0.000121647 1.13251e-05 6.92104 2.11175
1159 0.000292304 0.000155774 0.000121647 1.13251e-05 6.92104 2.11175
1160 0.000264715 0.000207322 0.000121647 1.13251e-05 6.92104 2.11175
1161 0.000292717 0.000253181 0.000121647 1.13251e-05 6.92104 2.11175
1162 0.000257237 0.000192346 0.000121647 1.13251e-05 6.92104 2.11175
1163 0.000251653 0.000239952 0.000121647 1.13251e-05 6.92104 2.11175
1164 0.000262032 0.000256683 0.000121647 1.13251e-05 6.92104 2.11175
1165 0.000273626 0.000175359 0.000121647 1.13251e-05 6.92104 2.11175
1166 0.000310021 0.00019553 0.000121647 1.13251e-05 6.92104 2.11175
1167 0.000329137 0.000189594 0.000121647 1.13251e-05 6.92104 2.11175
1168 0.000294871 0.000223973 0.000121647 1.13251e-05 6.92104 2.11175
1169 0.00032526 0.000188549 0.000121647 1.13251e-05 6.92104 2.11175
1170 0.000279258 0.00025884 0.000121647 1.13251e-05 6.92104 2.11175
1171 0.000376728 0.000267938 0.000121647 1.13251e-05 6.92104 2.11175
1172 0.000262991 0.000139932 0.000121647 1.13251e-05 6.92104 2.11175
1173 0.000279922 0.000196468 0.000121647 1.13251e-05 6.92104 2.11175
1174 0.000272204 0.000157486 0.000121647 1.13251e-05 6.92104 2.11175
1175 0.000274374 0.00017119 0.000121647 1.13251e-05 6.92104 2.11175
1176 0.000261337 0.00027469 0.000121647 1.13251e-05 6.92104 2.11175
1177 0.000247788 0.000291813 0.000121647 1.13251e-05 6.92104 2.11175
1178 0.000308118 0.000365008 0.000121647 1.13251e-05 6.92104 2.11175
1179 0.000288343 0.000318214 0.000121647 1.13251e-05 6.92104 2.11175
1180 0.000325957 0.000252575 0.000121647 1.13251e-05 6.92104 2.11175
1181 0.000383919 0.000449021 0.000121647 1.13251e-05 6.92104 2.11175
1182 0.000292195 0.000227667 0.000121647 1.13251e-05 6.92104 2.11175
1183 0.000268635 0.000303267 0.000121647 1.13251e-05 6.92104 2.11175
1184 0.000279404 0.000208389 0.000121647 1.13251e-05 6.92104 2.11175
1185 0.000317513 0.000305332 0.000121647 1.13251e-05 6.92104 2.11175
1186 0.000305561 0.000235229 0.000121647 1.13251e-05 6.92104 2.11175
1187 0.00029159 0.000191578 0.000121647 1.13251e-05 6.92104 2.11175
1188 0.000265279 0.000137896 0.000121647 1.13251e-05 6.92104 2.11175
1189 0.000311822 0.00033769 0.000121647 1.13251e-05 6.92104 2.11175
1190 0.000271218 0.000264333 0.000121647 1.13251e-05 6.92104 2.11175
1191 0.000281186 0.000222122 0.000121647 1.13251e-05 6.92104 2.11175
1192 0.000306544 0.000253845 0.000121647 1.13251e-05 6.92104 2.11175
1193 0.000304493 0.000274938 0.000121647 1.13251e-05 6.92104 2.11175
1194 0.000278176 0.00014332 0.000121647 1.13251e-05 6.92104 2.11175
1195 0.000278256 0.000203376 0.000121647 1.13251e-05 6.92104 2.11175
1196 0.000261964 0.000207096 0.000121647 1.13251e-05 6.92104 2.11175
1197 0.000339934 0.000275092 0.000121647 1.13251e-05 6.92104 2.11175
1198 0.000327376 0.000238575 0.000121647 1.13251e-05 6.92104 2.11175
1199 0.000266248 0.000305354 0.000121647 1.13251e-05 6.92104 2.11175
1200 0.000284649 0.000222587 0.000121647 1.13251e-05 6.92104 2.11175
1201 0.000318553 0.000257216 0.000121647 1.13251e-05 6.92104 2.11175
1202 0.000264929 0.000271459 0.000121647 1.13251e-05 6.92104 2.11175
1203 0.000283749 0.000308747 0.000121647 1.13251e-05 6.92104 2.11175
1204 0.000271447 0.000343631 0.000121647 1.13251e-05 6.92104 2.11175
1205 0.000273764 0.000159492 0.000121647 1.13251e-05 6.92104 2.11175
1206 0.000304479 0.000172391 0.000121647 1.13251e-05 6.92104 2.11175
1207 0.000291398 0.000179702 0.000121647 1.13251e-05 6.92104 2.11175
1208 0.000267577 0.000161711 0.000121647 1.13251e-05 6.92104 2.11175
1209 0.000270062 0.000158484 0.000121647 1.13251e-05 6.92104 2.11175
1210 0.000282219 0.000201555 0.000121647 1.13251e-05 6.92104 2.11175
1211 0.000275017 0.000228422 0.000121647 1.13251e-05 6.92104 2.11175
1212 0.000296342 0.000300731 0.000121647 1.13251e-05 6.92104 2.11175
1213 0.000285448 0.000369733 0.000121647 1.13251e-05 6.92104 2.11175
1214 0.000306902 0.000170585 0.000121647 1.13251e-05 6.92104 2.11175
1215 0.000286934 0.000292609 0.000121647 1.13251e-05 6.92104 2.11175
1216 0.000364683 0.00027558 0.000121647 1.13251e-05 6.92104 2.11175
1217 0.000299621 0.000193875 0.000121647 1.13251e-05 6.92104 2.11175
1218 0.000304833 0.00017881 0.000121647 1.13251e-05 6.92104 2.11175
1219 0.000292596 0.000217682 0.000121647 1.13251e-05 6.92104 2.11175
1220 0.000285098 0.00015036 0.000121647 1.13251e-05 6.92104 2.11175
1221 0.000283915 0.000244948 0.000121647 1.13251e-05 6.92104 2.11175
1222 0.000285808 0.000292867 0.000121647 1.13251e-05 6.92104 2.11175
1223 0.000311584 0.000227118 0.000121647 1.13251e-05 6.92104 2.11175
1224 0.000275946 0.000154298 0.000121647 1.13251e-05 6.92104 2.11175
1225 0.000307181 0.000276115 0.000121647 1.13251e-05 6.92104 2.11175
1226 0.000329421 0.000208192 0.000121647 1.13251e-05 6.92104 2.11175
1227 0.00030481 0.000146167 0.000121647 1.13251e-05 6.92104 2.11175
1228 0.000363416 0.000152007 0.000121647 1.13251e-05 6.92104 2.11175
1229 0.000284561 0.000173724 0.000121647 1.13251e-05 6.92104 2.11175
1230 0.000298097 0.000184678 0.000121647 1.13251e-05 6.92104 2.11175
1231 0.000270245 0.000215569 0.000121647 1.13251e-05 6.92104 2.11175
1232 0.000297043 0.000235473 0.000121647 1.13251e-05 6.92104 2.11175
1233 0.000284596 0.000216392 0.000121647 1.13251e-05 6.92104 2.11175
1234 0.000306816 0.000225108 0.000121647 1.13251e-05 6.92104 2.11175
1235 0.000302572 0.000236674 0.000121647 1.13251e-05 6.92104 2.11175
1236 0.000318066 0.000381162 0.000121647 1.13251e-05 6.92104 2.11175
1237 0.000289732 0.000195814 0.000121647 1.13251e-05 6.92104 2.11175
1238 0.000277042 0.000313404 0.000121647 1.13251e-05 6.92104 2.11175
1239 0.000282618 0.000234612 0.000121647 1.13251e-05 6.92104 2.11175
1240 0.000368185 0.000306825 0.000121647 1.13251e-05 6.92104 2.11175
1241 0.000422189 0.00030501 0.000121647 1.13251e-05 6.92104 2.11175
1242 0.000355664 0.000206754 0.000121647 1.13251e-05 6.92104 2.11175
1243 0.000296501 0.000228924 0.000121647 1.13251e-05 6.92104 2.11175
1244 0.000373118 0.000295761 0.000121647 1.13251e-05 6.92104 2.11175
1245 0.000267538 0.000198126 0.000121647 1.13251e-05 6.92104 2.11175
1246 0.000253678 0.000195471 0.000121647 1.13251e-05 6.92104 2.11175
1247 0.000253931 0.000223686 0.000121647 1.13251e-05 6.92104 2.11175
1248 0.000257617 0.000203079 0.000121647 1.13251e-05 6.92104 2.11175
1249 0.000274406 0.00022118 0.000121647 1.13251e-05 6.92104 2.11175
1250 0.000269485 0.000140817 0.000121647 1.13251e-05 6.92104 2.11175
1251 0.000250898 0.000225394 0.000121647 1.13251e-05 6.92104 2.11175
1252 0.000257932 0.000200282 0.000121647 1.13251e-05 6.92104 2.11175
1253 0.000260978 0.000173017 0.000121647 1.13251e-05 6.92104 2.11175
1254 0.000283256 0.00028934 0.000121647 1.13251e-05 6.92104 2.11175
1255 0.000278424 0.000165369 0.000121647 1.13251e-05 6.92104 2.11175
1256 0.000254357 0.000183024 0.000121647 1.13251e-05 6.92104 2.11175
1257 0.000262757 0.000157907 0.000121647 1.13251e-05 6.92104 2.11175
1258 0.000251121 0.000176684 0.000121647 1.13251e-05 6.92104 2.11175
1259 0.000249877 0.000229345 0.000121647 1.13251e-05 6.92104 2.11175
1260 0.000251805 0.000222631 0.000121647 1.13251e-05 6.92104 2.11175
1261 0.000260571 0.000209728 0.000121647 1.13251e-05 6.92104 2.11175
1262 0.000263262 0.000278386 0.000121647 1.13251e-05 6.92104 2.11175
1263 0.00025436 0.000199474 0.000121647 1.13251e-05 6.92104 2.11175
1264 0.00025884 0.000219008 0.000121647 1.13251e-05 6.92104 2.11175
1265 0.000257539 0.000186018 0.000121647 1.13251e-05 6.92104 2.11175
1266 0.000261752 0.00018808 0.000121647 1.13251e-05 6.92104 2.11175
1267 0.000260529 0.000162072 0.000121647 1.13251e-05 6.92104 2.11175
1268 0.000259931 0.000152748 0.000121647 1.13251e-05 6.92104 2.11175
1269 0.000250771 0.000195623 0.000121647 1.13251e-05 6.92104 2.11175
1270 0.00026079 0.000183146 0.000121647 1.13251e-05 6.92104 2.11175
1271 0.000256798 0.000170163 0.000121647 1.13251e-05 6.92104 2.11175
1272 0.00026218 0.000200995 0.000121647 1.13251e-05 6.92104 2.11175
1273 0.000266293 0.000236439 0.000121647 1.13251e-05 6.92104 2.11175
1274 0.000302627 0.000271589 0.000121647 1.13251e-05 6.92104 2.11175
1275 0.000266359 0.000220762 0.000121647 1.13251e-05 6.92104 2.11175
1276 0.00030501 0.000213633 0.000121647 1.13251e-05 6.92104 2.11175
1277 0.000253225 0.000167922 0.000121647 1.13251e-05 6.92104 2.11175
1278 0.000239914 0.000149684 0.000121647 1.13251e-05 6.92104 2.11175
1279 0.000247618 0.000266519 0.000121647 1.13251e-05 6.92104 2.11175
1280 0.000263427 0.000172465 0.000121647 1.13251e-05 6.92104 2.11175
1281 0.000258791 0.00019409 0.000121647 1.13251e-05 6.92104 2.11175
1282 0.000255529 0.000183037 0.000121647 1.13251e-05 6.92104 2.11175
1283 0.000246841 0.000160931 0.000121647 1.13251e-05 6.92104 2.11175
1284 0.00027303 0.000198478 0.000121647 1.13251e-05 6.92104 2.11175
1285 0.000261232 0.000166098 0.000121647 1.13251e-05 6.92104 2.11175
1286 0.000261508 0.000173263 0.000121647 1.13251e-05 6.92104 2.11175
1287 0.00026578 0.000192961 0.000121647 1.13251e-05 6.92104 2.11175
1288 0.000275949 0.000177713 0.000121647 1.13251e-05 6.92104 2.11175
1289 0.000290187 0.000242361 0.000121647 1.13251e-05 6.92104 2.11175
1290 0.00028407 0.000148377 0.000121647 1.13251e-05 6.92104 2.11175
1291 0.000264864 0.000244924 0.000121647 1.13251e-05 6.92104 2.11175
1292 0.000263161 0.000222699 0.000121647 1.13251e-05 6.92104 2.11175
1293 0.000222584 0.000238728 0.000121647 1.13251e-05 6.92104 2.11175
1294 0.000251267 0.000252342 0.000121647 1.13251e-05 6.92104 2.11175
1295 0.000259676 0.000254848 0.000121647 1.13251e-05 6.92104 2.11175
1296 0.000282672 0.000178593 0.000121647 1.13251e-05 6.92104 2.11175
1297 0.00025854 0.000195608 0.000121647 1.13251e-05 6.92104 2.11175
1298 0.000253235 0.000189128 0.000121647 1.13251e-05 6.92104 2.11175
1299 0.000263198 0.000153681 0.000121647 1.13251e-05 6.92104 2.11175
1300 0.000260232 0.000256476 0.000121647 1.13251e-05 6.92104 2.11175
1301 0.000267913 0.000244332 0.000121647 1.13251e-05 6.92104 2.11175
1302 0.00026086 0.000176031 0.000121647 1.13251e-05 6.92104 2.11175
1303 0.000254531 0.00021846 0.000121647 1.13251e-05 6.92104 2.11175
1304 0.000257989 0.000183221 0.000121647 1.13251e-05 6.92104 2.11175
1305 0.000264369 0.000194502 0.000121647 1.13251e-05 6.92104 2.11175
1306 0.000268476 0.000189053 0.000121647 1.13251e-05 6.92104 2.11175
1307 0.00030788 0.000219264 0.000121647 1.13251e-05 6.92104 2.11175
1308 0.000265826 0.000208806 0.000121647 1.13251e-05 6.92104 2.11175
1309 0.000259767 0.000191452 0.000121647 1.13251e-05 6.92104 2.11175
1310 0.00026189 0.000178092 0.000121647 1.13251e-05 6.92104 2.11175
1311 0.000268627 0.000283617 0.000121647 1.13251e-05 6.92104 2.11175
1312 0.00026247 0.000191515 0.000121647 1.13251e-05 6.92104 2.11175
1313 0.000260635 0.000238712 0.000121647 1.13251e-05 6.92104 2.11175
1314 0.000270435 0.000167965 0.000121647 1.13251e-05 6.92104 2.11175
1315 0.000278518 0.000278668 0.000121647 1.13251e-05 6.92104 2.11175
1316 0.000271676 0.000207172 0.000121647 1.13251e-05 6.92104 2.11175
1317 0.000257591 0.000219364 0.000121647 1.13251e-05 6.92104 2.11175
1318 0.000270887 0.000168739 0.000121647 1.13251e-05 6.92104 2.11175
1319 0.000267541 0.000210678 0.000121647 1.13251e-05 6.92104 2.11175
1320 0.000259557 0.000201939 0.000121647 1.13251e-05 6.92104 2.11175
1321 0.000262471 0.000175923 0.000121647 1.13251e-05 6.92104 2.11175
1322 0.000255033 0.000200707 0.000121647 1.13251e-05 6.92104 2.11175
1323 0.000266923 0.000138034 0.000121647 1.13251e-05 6.92104 2.11175
1324 0.000261668 0.000208932 0.000121647 1.13251e-05 6.92104 2.11175
1325 0.00029249 0.000176405 0.000121647 1.13251e-05 6.92104 2.11175
1326 0.000254706 0.000200962 0.000121647 1.13251e-05 6.92104 2.11175
1327 0.000259764 0.000234314 0.000121647 1.13251e-05 6.92104 2.11175
1328 0.000266316 0.000205395 0.000121647 1.13251e-05 6.92104 2.11175
1329 0.000271208 0.000314981 0.000121647 1.13251e-05 6.92104 2.11175
1330 0.000306776 0.00038803 0.000121647 1.13251e-05 6.92104 2.11175
1331 0.000276192 0.000226295 0.000121647 1.13251e-05 6.92104 2.11175
1332 0.000261392 0.000205347 0.000121647 1.13251e-05 6.92104 2.11175
1333 0.000283931 0.000202238 0.000121647 1.13251e-05 6.92104 2.11175
1334 0.000281655 0.000249229 0.000121647 1.13251e-05 6.92104 2.11175
1335 0.000299584 0.000203164 0.000121647 1.13251e-05 6.92104 2.11175
1336 0.000258198 0.00018888 0.000121647 1.13251e-05 6.92104 2.11175
1337 0.000255589 0.000196528 0.000121647 1.13251e-05 6.92104 2.11175
1338 0.000263843 0.00015897 0.000121647 1.13251e-05 6.92104 2.11175
1339 0.000271037 0.000154134 0.000121647 1.13251e-05 6.92104 2.11175
1340 0.000259065 0.000152363 0.000121647 1.13251e-05 6.92104 2.11175
1341 0.000277691 0.000277025 0.000121647 1.13251e-05 6.92104 2.11175
1342 0.000273897 0.000250287 0.000121647 1.13251e-05 6.92104 2.11175
1343 0.000273156 0.000261419 0.000121647 1.13251e-05 6.92104 2.11175
1344 0.000275667 0.000207483 0.000121647 1.13251e-05 6.92104 2.11175
