1 36.7237 1.22652 1.79769e+308 1.79769e+308 inf inf
2 0.541777 0.239712 1.79769e+308 1.79769e+308 inf inf
3 0.146832 0.116967 0.239712 0.00566523 307.231 47.2312
4 0.0878344 0.0580722 0.116967 0.00321178 214.611 35.5626
5 0.0502897 0.0406259 0.0580722 0.00207734 151.218 28.6005
6 0.0318869 0.0259996 0.0406259 0.00151164 126.48 24.3974
7 0.0206695 0.014377 0.0259996 0.00113142 101.182 21.1073
8 0.0148022 0.0137007 0.014377 0.000881062 75.241 18.6262
9 0.0104375 0.013171 0.0137007 0.00071643 73.4499 16.796
10 0.0112321 0.00740423 0.013171 0.000573896 72.0162 15.0327
11 0.0175441 0.0098902 0.00740423 0.000470186 53.9958 13.6068
12 0.0119065 0.00492267 0.00740423 0.000470186 53.9958 13.6068
13 0.0130159 0.00437235 0.00492267 0.000335217 44.0272 11.489
14 0.0156382 0.00582797 0.00437235 0.000283204 41.4933 10.5602
15 0.012283 0.0521639 0.00437235 0.000283204 41.4933 10.5602
16 0.0124308 0.00340482 0.00437235 0.000283204 41.4933 10.5602
17 0.0112277 0.00633316 0.00340482 0.00019224 36.6157 8.70047
18 0.0352689 0.0293824 0.00340482 0.00019224 36.6157 8.70047
19 0.0284533 0.00517667 0.00340482 0.00019224 36.6157 8.70047
20 0.0139543 0.0466971 0.00340482 0.00019224 36.6157 8.70047
21 0.071556 0.00942099 0.00340482 0.00019224 36.6157 8.70047
22 0.00866927 0.00749847 0.00340482 0.00019224 36.6157 8.70047
23 0.00899621 0.0189423 0.00340482 0.00019224 36.6157 8.70047
24 0.102823 0.0317145 0.00340482 0.00019224 36.6157 8.70047
25 0.0133389 0.00687297 0.00340482 0.00019224 36.6157 8.70047
26 0.00637288 0.0205077 0.00340482 0.00019224 36.6157 8.70047
27 0.109986 0.0407925 0.00340482 0.00019224 36.6157 8.70047
28 0.0324412 0.0224674 0.00340482 0.00019224 36.6157 8.70047
29 0.0278182 0.00401092 0.00340482 0.00019224 36.6157 8.70047
30 0.00492642 0.0022245 0.00340482 0.00019224 36.6157 8.70047
31 0.020152 0.00521607 0.0022245 6.17202e-05 29.5962 4.92985
32 0.0615388 0.383312 0.0022245 6.17202e-05 29.5962 4.92985
33 0.177032 0.00191794 0.0022245 6.17202e-05 29.5962 4.92985
34 0.00411021 0.00258205 0.00191794 5.56293e-05 27.4813 4.68028
35 0.0063569 0.0246646 0.00191794 5.56293e-05 27.4813 4.68028
36 0.0222952 0.00902541 0.00191794 5.56293e-05 27.4813 4.68028
37 0.0440458 0.0353689 0.00191794 5.56293e-05 27.4813 4.68028
38 0.0190387 0.00161714 0.00191794 5.56293e-05 27.4813 4.68028
39 0.615983 0.416507 0.00161714 4.35737e-05 25.2345 4.14221
40 0.111192 0.0386748 0.00161714 4.35737e-05 25.2345 4.14221
41 0.00763673 0.00229621 0.00161714 4.35737e-05 25.2345 4.14221
42 0.0040337 0.00205265 0.00161714 4.35737e-05 25.2345 4.14221
43 0.00235535 0.00177505 0.00161714 4.35737e-05 25.2345 4.14221
44 0.00303895 0.00509766 0.00161714 4.35737e-05 25.2345 4.14221
45 0.00617734 0.0374873 0.00161714 4.35737e-05 25.2345 4.14221
46 0.0249443 0.00449729 0.00161714 4.35737e-05 25.2345 4.14221
47 0.0845727 0.454746 0.00161714 4.35737e-05 25.2345 4.14221
48 0.173313 0.0813234 0.00161714 4.35737e-05 25.2345 4.14221
49 0.0374042 0.00776905 0.00161714 4.35737e-05 25.2345 4.14221
50 0.00647428 0.00103638 0.00161714 4.35737e-05 25.2345 4.14221
51 0.00194329 0.0033224 0.00103638 2.91079e-05 20.2013 3.38552
52 0.237844 0.420159 0.00103638 2.91079e-05 20.2013 3.38552
53 0.22608 0.00625972 0.00103638 2.91079e-05 20.2013 3.38552
54 0.00261064 0.00110515 0.00103638 2.91079e-05 20.2013 3.38552
55 0.00179349 0.00779002 0.00103638 2.91079e-05 20.2013 3.38552
56 0.0571007 0.176012 0.00103638 2.91079e-05 20.2013 3.38552
57 0.183858 0.0705316 0.00103638 2.91079e-05 20.2013 3.38552
58 0.05246 0.0238109 0.00103638 2.91079e-05 20.2013 3.38552
59 0.00341529 0.00167645 0.00103638 2.91079e-05 20.2013 3.38552
60 0.00658535 0.0161009 0.00103638 2.91079e-05 20.2013 3.38552
61 0.120578 0.0629648 0.00103638 2.91079e-05 20.2013 3.38552
62 0.529642 0.123162 0.00103638 2.91079e-05 20.2013 3.38552
63 0.0365801 0.00502782 0.00103638 2.91079e-05 20.2013 3.38552
64 0.0062351 0.00101255 0.00103638 2.91079e-05 20.2013 3.38552
65 0.0115622 0.0343578 0.00101255 2.13002e-05 19.9678 2.89609
66 0.00695211 0.00716797 0.00101255 2.13002e-05 19.9678 2.89609
67 0.00741089 0.0184287 0.00101255 2.13002e-05 19.9678 2.89609
68 0.00578537 0.00699923 0.00101255 2.13002e-05 19.9678 2.89609
69 0.018013 0.161405 0.00101255 2.13002e-05 19.9678 2.89609
70 0.0517302 0.135382 0.00101255 2.13002e-05 19.9678 2.89609
71 0.0971917 0.0636413 0.00101255 2.13002e-05 19.9678 2.89609
72 0.0207552 0.046719 0.00101255 2.13002e-05 19.9678 2.89609
73 0.029517 0.720834 0.00101255 2.13002e-05 19.9678 2.89609
74 0.767149 0.209381 0.00101255 2.13002e-05 19.9678 2.89609
75 0.0268283 0.00107513 0.00101255 2.13002e-05 19.9678 2.89609
76 0.00432251 0.00188866 0.00101255 2.13002e-05 19.9678 2.89609
77 0.00174076 0.00104739 0.00101255 2.13002e-05 19.9678 2.89609
78 0.0017723 0.00101876 0.00101255 2.13002e-05 19.9678 2.89609
79 0.00676253 0.00106012 0.00101255 2.13002e-05 19.9678 2.89609
80 0.0109767 0.00360884 0.00101255 2.13002e-05 19.9678 2.89609
81 0.00628717 0.0187926 0.00101255 2.13002e-05 19.9678 2.89609
82 0.0258157 0.00397224 0.00101255 2.13002e-05 19.9678 2.89609
83 0.0113827 0.00761228 0.00101255 2.13002e-05 19.9678 2.89609
84 0.181535 0.0947324 0.00101255 2.13002e-05 19.9678 2.89609
85 0.120712 0.0587933 0.00101255 2.13002e-05 19.9678 2.89609
86 0.0200096 0.00346605 0.00101255 2.13002e-05 19.9678 2.89609
87 0.0261432 0.00769437 0.00101255 2.13002e-05 19.9678 2.89609
88 0.0143912 0.0700792 0.00101255 2.13002e-05 19.9678 2.89609
89 0.0469849 0.00573943 0.00101255 2.13002e-05 19.9678 2.89609
90 0.0103127 0.000760518 0.00101255 2.13002e-05 19.9678 2.89609
91 0.101862 0.0746874 0.000760518 1.45381e-05 17.3051 2.39262
92 0.105906 0.0164656 0.000760518 1.45381e-05 17.3051 2.39262
93 0.00792858 0.0010246 0.000760518 1.45381e-05 17.3051 2.39262
94 0.0491547 0.411459 0.000760518 1.45381e-05 17.3051 2.39262
95 0.16322 0.000543729 0.000760518 1.45381e-05 17.3051 2.39262
96 0.0138516 0.00706781 0.000543729 1.54554e-05 14.6323 2.46695
97 0.00751811 0.0357845 0.000543729 1.54554e-05 14.6323 2.46695
98 0.0548733 0.00223523 0.000543729 1.54554e-05 14.6323 2.46695
99 0.0739675 0.0239373 0.000543729 1.54554e-05 14.6323 2.46695
100 0.0374542 0.00817378 0.000543729 1.54554e-05 14.6323 2.46695
101 0.121242 0.00180506 0.000543729 1.54554e-05 14.6323 2.46695
102 0.0335903 0.000731149 0.000543729 1.54554e-05 14.6323 2.46695
103 0.00316304 0.00246866 0.000543729 1.54554e-05 14.6323 2.46695
104 0.0114478 0.00194604 0.000543729 1.54554e-05 14.6323 2.46695
105 0.0852948 0.0286616 0.000543729 1.54554e-05 14.6323 2.46695
106 0.130889 0.0599614 0.000543729 1.54554e-05 14.6323 2.46695
107 0.0558553 0.00270408 0.000543729 1.54554e-05 14.6323 2.46695
108 0.00388525 0.00231047 0.000543729 1.54554e-05 14.6323 2.46695
109 0.00203127 0.00628313 0.000543729 1.54554e-05 14.6323 2.46695
110 0.0323198 0.0349683 0.000543729 1.54554e-05 14.6323 2.46695
111 0.111866 0.468849 0.000543729 1.54554e-05 14.6323 2.46695
112 0.423892 0.027211 0.000543729 1.54554e-05 14.6323 2.46695
113 0.0048194 0.00139026 0.000543729 1.54554e-05 14.6323 2.46695
114 0.00218053 0.000592336 0.000543729 1.54554e-05 14.6323 2.46695
115 0.000924129 0.000526853 0.000543729 1.54554e-05 14.6323 2.46695
116 0.00267118 0.0118427 0.000526853 1.32175e-05 14.4034 2.28137
117 0.0102589 0.0133821 0.000526853 1.32175e-05 14.4034 2.28137
118 0.0373238 0.000321103 0.000526853 1.32175e-05 14.4034 2.28137
119 0.0030467 0.00354184 0.000321103 1.18069e-05 11.2446 2.1562
120 0.00321674 0.0448802 0.000321103 1.18069e-05 11.2446 2.1562
121 0.214046 0.120855 0.000321103 1.18069e-05 11.2446 2.1562
122 0.0161119 0.00351265 0.000321103 1.18069e-05 11.2446 2.1562
123 0.0139912 0.0146447 0.000321103 1.18069e-05 11.2446 2.1562
124 0.00931713 0.00391099 0.000321103 1.18069e-05 11.2446 2.1562
125 0.0736252 0.176833 0.000321103 1.18069e-05 11.2446 2.1562
126 0.123274 0.00733404 0.000321103 1.18069e-05 11.2446 2.1562
127 0.00181312 0.00285992 0.000321103 1.18069e-05 11.2446 2.1562
128 0.00129131 0.00061687 0.000321103 1.18069e-05 11.2446 2.1562
129 0.00218864 0.00343893 0.000321103 1.18069e-05 11.2446 2.1562
130 0.201607 0.0198589 0.000321103 1.18069e-05 11.2446 2.1562
131 0.0186467 0.00184069 0.000321103 1.18069e-05 11.2446 2.1562
132 0.000962368 0.00340132 0.000321103 1.18069e-05 11.2446 2.1562
133 0.00296274 0.00960616 0.000321103 1.18069e-05 11.2446 2.1562
134 0.0171006 0.170647 0.000321103 1.18069e-05 11.2446 2.1562
135 0.207519 0.212106 0.000321103 1.18069e-05 11.2446 2.1562
136 0.0199034 0.000424859 0.000321103 1.18069e-05 11.2446 2.1562
137 0.00182913 0.00162765 0.000321103 1.18069e-05 11.2446 2.1562
138 0.0016408 0.00749541 0.000321103 1.18069e-05 11.2446 2.1562
139 0.0328049 0.0548524 0.000321103 1.18069e-05 11.2446 2.1562
140 0.00550931 0.00074569 0.000321103 1.18069e-05 11.2446 2.1562
141 0.0162765 0.0400237 0.000321103 1.18069e-05 11.2446 2.1562
142 0.0571236 0.0488204 0.000321103 1.18069e-05 11.2446 2.1562
143 0.0379901 0.0375421 0.000321103 1.18069e-05 11.2446 2.1562
144 0.072019 0.00186387 0.000321103 1.18069e-05 11.2446 2.1562
145 0.0149769 0.0471312 0.000321103 1.18069e-05 11.2446 2.1562
146 0.189913 0.153586 0.000321103 1.18069e-05 11.2446 2.1562
147 0.0187218 0.000520301 0.000321103 1.18069e-05 11.2446 2.1562
148 0.00180835 0.00113411 0.000321103 1.18069e-05 11.2446 2.1562
149 0.00358521 0.00185368 0.000321103 1.18069e-05 11.2446 2.1562
150 0.00207307 0.000972609 0.000321103 1.18069e-05 11.2446 2.1562
151 0.0820797 0.00935428 0.000321103 1.18069e-05 11.2446 2.1562
152 0.0225327 0.00762312 0.000321103 1.18069e-05 11.2446 2.1562
153 0.00633664 0.000388177 0.000321103 1.18069e-05 11.2446 2.1562
154 0.0180963 0.0533019 0.000321103 1.18069e-05 11.2446 2.1562
155 0.152595 0.0702723 0.000321103 1.18069e-05 11.2446 2.1562
156 0.0159775 0.000517126 0.000321103 1.18069e-05 11.2446 2.1562
157 0.00249003 0.0191762 0.000321103 1.18069e-05 11.2446 2.1562
158 0.00853555 0.00428258 0.000321103 1.18069e-05 11.2446 2.1562
159 0.122919 0.00330606 0.000321103 1.18069e-05 11.2446 2.1562
160 0.0234653 0.00366012 0.000321103 1.18069e-05 11.2446 2.1562
161 0.00231637 0.000359529 0.000321103 1.18069e-05 11.2446 2.1562
162 0.0113795 0.00724334 0.000321103 1.18069e-05 11.2446 2.1562
163 0.0444056 0.00149073 0.000321103 1.18069e-05 11.2446 2.1562
164 0.0189933 0.0119639 0.000321103 1.18069e-05 11.2446 2.1562
165 0.00176332 0.00103126 0.000321103 1.18069e-05 11.2446 2.1562
166 0.33906 0.0331736 0.000321103 1.18069e-05 11.2446 2.1562
167 0.112017 0.000554005 0.000321103 1.18069e-05 11.2446 2.1562
168 0.0011415 0.00038101 0.000321103 1.18069e-05 11.2446 2.1562
169 0.000632665 0.000412724 0.000321103 1.18069e-05 11.2446 2.1562
170 0.000949715 0.00388089 0.000321103 1.18069e-05 11.2446 2.1562
171 0.00357039 0.000424867 0.000321103 1.18069e-05 11.2446 2.1562
172 0.000537544 0.00198485 0.000321103 1.18069e-05 11.2446 2.1562
173 0.0051664 0.00201716 0.000321103 1.18069e-05 11.2446 2.1562
174 0.0114457 0.00122639 0.000321103 1.18069e-05 11.2446 2.1562
175 0.0153826 0.00362021 0.000321103 1.18069e-05 11.2446 2.1562
176 0.0595831 0.0122631 0.000321103 1.18069e-05 11.2446 2.1562
177 0.00620203 0.000773774 0.000321103 1.18069e-05 11.2446 2.1562
178 0.00063991 0.000559571 0.000321103 1.18069e-05 11.2446 2.1562
179 0.105739 0.110565 0.000321103 1.18069e-05 11.2446 2.1562
180 0.0104015 0.000577193 0.000321103 1.18069e-05 11.2446 2.1562
181 0.00236664 0.00155247 0.000321103 1.18069e-05 11.2446 2.1562
182 0.00810948 0.168348 0.000321103 1.18069e-05 11.2446 2.1562
183 0.0290232 0.011464 0.000321103 1.18069e-05 11.2446 2.1562
184 0.0336863 0.0889078 0.000321103 1.18069e-05 11.2446 2.1562
185 0.0170518 0.00219905 0.000321103 1.18069e-05 11.2446 2.1562
186 0.0254463 0.0251158 0.000321103 1.18069e-05 11.2446 2.1562
187 0.0633388 0.0127852 0.000321103 1.18069e-05 11.2446 2.1562
188 0.0168288 0.000967585 0.000321103 1.18069e-05 11.2446 2.1562
189 0.00144957 0.000402235 0.000321103 1.18069e-05 11.2446 2.1562
190 0.0545038 0.0687094 0.000321103 1.18069e-05 11.2446 2.1562
191 0.00818799 0.0100491 0.000321103 1.18069e-05 11.2446 2.1562
192 0.0294552 0.0914745 0.000321103 1.18069e-05 11.2446 2.1562
193 0.0472318 0.0507241 0.000321103 1.18069e-05 11.2446 2.1562
194 0.0601851 0.0590379 0.000321103 1.18069e-05 11.2446 2.1562
195 0.00678648 0.00219647 0.000321103 1.18069e-05 11.2446 2.1562
196 0.0085099 0.0906442 0.000321103 1.18069e-05 11.2446 2.1562
197 0.112761 0.0185734 0.000321103 1.18069e-05 11.2446 2.1562
198 0.0107618 0.00121404 0.000321103 1.18069e-05 11.2446 2.1562
199 0.00718563 0.00202897 0.000321103 1.18069e-05 11.2446 2.1562
200 0.00762321 0.00527151 0.000321103 1.18069e-05 11.2446 2.1562
201 0.00119226 0.000757627 0.000321103 1.18069e-05 11.2446 2.1562
202 0.0877422 0.161137 0.000321103 1.18069e-05 11.2446 2.1562
203 0.0936573 0.0117543 0.000321103 1.18069e-05 11.2446 2.1562
204 0.00630095 0.0026632 0.000321103 1.18069e-05 11.2446 2.1562
205 0.00126102 0.000372986 0.000321103 1.18069e-05 11.2446 2.1562
206 0.00475317 0.0170509 0.000321103 1.18069e-05 11.2446 2.1562
207 0.0163826 0.075958 0.000321103 1.18069e-05 11.2446 2.1562
208 0.112442 0.0497923 0.000321103 1.18069e-05 11.2446 2.1562
209 0.00918663 0.00227166 0.000321103 1.18069e-05 11.2446 2.1562
210 0.00240219 0.0056022 0.000321103 1.18069e-05 11.2446 2.1562
211 0.00521866 0.00171378 0.000321103 1.18069e-05 11.2446 2.1562
212 0.00115812 0.000407609 0.000321103 1.18069e-05 11.2446 2.1562
213 0.0368208 0.00101861 0.000321103 1.18069e-05 11.2446 2.1562
214 0.0167795 0.0119102 0.000321103 1.18069e-05 11.2446 2.1562
215 0.0118411 0.00163783 0.000321103 1.18069e-05 11.2446 2.1562
216 0.0042712 0.000656308 0.000321103 1.18069e-05 11.2446 2.1562
217 0.0121751 0.0907522 0.000321103 1.18069e-05 11.2446 2.1562
218 0.09387 0.0206047 0.000321103 1.18069e-05 11.2446 2.1562
219 0.00270184 0.000750026 0.000321103 1.18069e-05 11.2446 2.1562
220 0.000469075 0.000432894 0.000321103 1.18069e-05 11.2446 2.1562
221 0.000384388 0.000242112 0.000321103 1.18069e-05 11.2446 2.1562
222 0.000368112 0.000339122 0.000242112 7.73608e-06 9.76401 1.74534
223 0.000339728 0.000312458 0.000242112 7.73608e-06 9.76401 1.74534
224 0.000348192 0.000626845 0.000242112 7.73608e-06 9.76401 1.74534
225 0.000379706 0.000250086 0.000242112 7.73608e-06 9.76401 1.74534
226 0.000379628 0.000272729 0.000242112 7.73608e-06 9.76401 1.74534
227 0.000363561 0.000472342 0.000242112 7.73608e-06 9.76401 1.74534
228 0.000476941 0.000809325 0.000242112 7.73608e-06 9.76401 1.74534
229 0.000583161 0.000227688 0.000242112 7.73608e-06 9.76401 1.74534
230 0.000479051 0.000739966 0.000227688 7.38461e-06 9.46871 1.70523
231 0.000475134 0.000311748 0.000227688 7.38461e-06 9.46871 1.70523
232 0.000470116 0.000725258 0.000227688 7.38461e-06 9.46871 1.70523
233 0.000392179 0.000208736 0.000227688 7.38461e-06 9.46871 1.70523
234 0.000541554 0.00295639 0.000208736 7.54542e-06 9.06607 1.7237
235 0.000823808 0.000753295 0.000208736 7.54542e-06 9.06607 1.7237
236 0.000616892 0.000544255 0.000208736 7.54542e-06 9.06607 1.7237
237 0.000823186 0.000319116 0.000208736 7.54542e-06 9.06607 1.7237
238 0.000499869 0.00065586 0.000208736 7.54542e-06 9.06607 1.7237
239 0.000526404 0.00118448 0.000208736 7.54542e-06 9.06607 1.7237
240 0.000824205 0.00195409 0.000208736 7.54542e-06 9.06607 1.7237
241 0.000841841 0.00072527 0.000208736 7.54542e-06 9.06607 1.7237
242 0.000565932 0.000314093 0.000208736 7.54542e-06 9.06607 1.7237
243 0.000750761 0.00156418 0.000208736 7.54542e-06 9.06607 1.7237
244 0.000811888 0.000391228 0.000208736 7.54542e-06 9.06607 1.7237
245 0.000437722 0.000569188 0.000208736 7.54542e-06 9.06607 1.7237
246 0.00174251 0.000921195 0.000208736 7.54542e-06 9.06607 1.7237
247 0.00159241 0.00137894 0.000208736 7.54542e-06 9.06607 1.7237
248 0.0586008 0.104251 0.000208736 7.54542e-06 9.06607 1.7237
249 0.0982266 0.0169227 0.000208736 7.54542e-06 9.06607 1.7237
250 0.00259827 0.000344578 0.000208736 7.54542e-06 9.06607 1.7237
251 0.000494818 0.000251522 0.000208736 7.54542e-06 9.06607 1.7237
252 0.00049095 0.000404987 0.000208736 7.54542e-06 9.06607 1.7237
253 0.000634082 0.000313826 0.000208736 7.54542e-06 9.06607 1.7237
254 0.000589735 0.000530624 0.000208736 7.54542e-06 9.06607 1.7237
255 0.000794605 0.000373198 0.000208736 7.54542e-06 9.06607 1.7237
256 0.00058228 0.000672791 0.000208736 7.54542e-06 9.06607 1.7237
257 0.000553869 0.000230789 0.000208736 7.54542e-06 9.06607 1.7237
258 0.00135845 0.00297822 0.000208736 7.54542e-06 9.06607 1.7237
259 0.0143554 0.000489277 0.000208736 7.54542e-06 9.06607 1.7237
260 0.00248924 0.0115891 0.000208736 7.54542e-06 9.06607 1.7237
261 0.0225353 0.0468149 0.000208736 7.54542e-06 9.06607 1.7237
262 0.00435488 0.000988867 0.000208736 7.54542e-06 9.06607 1.7237
263 0.0024903 0.000378777 0.000208736 7.54542e-06 9.06607 1.7237
264 0.00158553 0.000732542 0.000208736 7.54542e-06 9.06607 1.7237
265 0.00128944 0.00057927 0.000208736 7.54542e-06 9.06607 1.7237
266 0.00565067 0.000937251 0.000208736 7.54542e-06 9.06607 1.7237
267 0.0511281 0.0380653 0.000208736 7.54542e-06 9.06607 1.7237
268 0.00687715 0.0010205 0.000208736 7.54542e-06 9.06607 1.7237
269 0.000550322 0.000609956 0.000208736 7.54542e-06 9.06607 1.7237
270 0.00056118 0.00330247 0.000208736 7.54542e-06 9.06607 1.7237
271 0.00124381 0.000439997 0.000208736 7.54542e-06 9.06607 1.7237
272 0.00521967 0.000671093 0.000208736 7.54542e-06 9.06607 1.7237
273 0.00175594 0.00318901 0.000208736 7.54542e-06 9.06607 1.7237
274 0.0182357 0.00758687 0.000208736 7.54542e-06 9.06607 1.7237
275 0.0052372 0.00042597 0.000208736 7.54542e-06 9.06607 1.7237
276 0.00347238 0.000171105 0.000208736 7.54542e-06 9.06607 1.7237
277 0.00511543 0.000567902 0.000171105 6.96058e-06 8.20827 1.65555
278 0.00449253 0.000773768 0.000171105 6.96058e-06 8.20827 1.65555
279 0.0333031 0.0920439 0.000171105 6.96058e-06 8.20827 1.65555
280 0.0131425 0.000362234 0.000171105 6.96058e-06 8.20827 1.65555
281 0.00155029 0.000627382 0.000171105 6.96058e-06 8.20827 1.65555
282 0.0017867 0.00023436 0.000171105 6.96058e-06 8.20827 1.65555
283 0.00434155 0.00027322 0.000171105 6.96058e-06 8.20827 1.65555
284 0.00619364 0.00689104 0.000171105 6.96058e-06 8.20827 1.65555
285 0.0314467 0.000810099 0.000171105 6.96058e-06 8.20827 1.65555
286 0.000635172 0.000537616 0.000171105 6.96058e-06 8.20827 1.65555
287 0.00206379 0.00540808 0.000171105 6.96058e-06 8.20827 1.65555
288 0.00286019 0.00241682 0.000171105 6.96058e-06 8.20827 1.65555
289 0.017883 0.00285726 0.000171105 6.96058e-06 8.20827 1.65555
290 0.0987197 0.00616693 0.000171105 6.96058e-06 8.20827 1.65555
291 0.0148069 0.00171904 0.000171105 6.96058e-06 8.20827 1.65555
292 0.000754151 0.00101217 0.000171105 6.96058e-06 8.20827 1.65555
293 0.000504467 0.000603334 0.000171105 6.96058e-06 8.20827 1.65555
294 0.000641779 0.00272427 0.000171105 6.96058e-06 8.20827 1.65555
295 0.00157931 0.00306505 0.000171105 6.96058e-06 8.20827 1.65555
296 0.00149935 0.0096286 0.000171105 6.96058e-06 8.20827 1.65555
297 0.00176699 0.000860218 0.000171105 6.96058e-06 8.20827 1.65555
298 0.00104818 0.00156 0.000171105 6.96058e-06 8.20827 1.65555
299 0.0021078 0.00721527 0.000171105 6.96058e-06 8.20827 1.65555
300 0.0032145 0.012807 0.000171105 6.96058e-06 8.20827 1.65555
301 0.0056237 0.00203141 0.000171105 6.96058e-06 8.20827 1.65555
302 0.00216748 0.00388433 0.000171105 6.96058e-06 8.20827 1.65555
303 0.00620708 0.071988 0.000171105 6.96058e-06 8.20827 1.65555
304 0.105239 0.00136543 0.000171105 6.96058e-06 8.20827 1.65555
305 0.00187831 0.000490086 0.000171105 6.96058e-06 8.20827 1.65555
306 0.000461231 0.000540468 0.000171105 6.96058e-06 8.20827 1.65555
307 0.000424459 0.00037927 0.000171105 6.96058e-06 8.20827 1.65555
308 0.000468056 0.000394166 0.000171105 6.96058e-06 8.20827 1.65555
309 0.000388304 0.000321458 0.000171105 6.96058e-06 8.20827 1.65555
310 0.000747195 0.000588738 0.000171105 6.96058e-06 8.20827 1.65555
311 0.00119794 0.000235298 0.000171105 6.96058e-06 8.20827 1.65555
312 0.00200139 0.00145492 0.000171105 6.96058e-06 8.20827 1.65555
313 0.000958582 0.00455943 0.000171105 6.96058e-06 8.20827 1.65555
314 0.00299724 0.000328903 0.000171105 6.96058e-06 8.20827 1.65555
315 0.0140825 0.0152426 0.000171105 6.96058e-06 8.20827 1.65555
316 0.0142427 0.00358676 0.000171105 6.96058e-06 8.20827 1.65555
317 0.000972915 0.00134245 0.000171105 6.96058e-06 8.20827 1.65555
318 0.0285581 0.0680344 0.000171105 6.96058e-06 8.20827 1.65555
319 0.0105212 0.0057591 0.000171105 6.96058e-06 8.20827 1.65555
320 0.00128777 0.00261361 0.000171105 6.96058e-06 8.20827 1.65555
321 0.00615171 0.0214711 0.000171105 6.96058e-06 8.20827 1.65555
322 0.00590019 0.0146905 0.000171105 6.96058e-06 8.20827 1.65555
323 0.00222585 0.000626209 0.000171105 6.96058e-06 8.20827 1.65555
324 0.00221489 0.000406603 0.000171105 6.96058e-06 8.20827 1.65555
325 0.0022835 0.000503317 0.000171105 6.96058e-06 8.20827 1.65555
326 0.0170547 0.00298888 0.000171105 6.96058e-06 8.20827 1.65555
327 0.0294125 0.000740365 0.000171105 6.96058e-06 8.20827 1.65555
328 0.00354525 0.0016216 0.000171105 6.96058e-06 8.20827 1.65555
329 0.00301824 0.06887 0.000171105 6.96058e-06 8.20827 1.65555
330 0.0264983 0.00104263 0.000171105 6.96058e-06 8.20827 1.65555
331 0.000779553 0.000430412 0.000171105 6.96058e-06 8.20827 1.65555
332 0.00124753 0.000453441 0.000171105 6.96058e-06 8.20827 1.65555
333 0.00234793 0.000540058 0.000171105 6.96058e-06 8.20827 1.65555
334 0.00568476 0.00790623 0.000171105 6.96058e-06 8.20827 1.65555
335 0.00692512 0.00387494 0.000171105 6.96058e-06 8.20827 1.65555
336 0.000979639 0.000290667 0.000171105 6.96058e-06 8.20827 1.65555
337 0.032376 0.118679 0.000171105 6.96058e-06 8.20827 1.65555
338 0.0364445 0.00826703 0.000171105 6.96058e-06 8.20827 1.65555
339 0.00341803 0.000272463 0.000171105 6.96058e-06 8.20827 1.65555
340 0.000539217 0.000415311 0.000171105 6.96058e-06 8.20827 1.65555
341 0.00141281 0.000267467 0.000171105 6.96058e-06 8.20827 1.65555
342 0.00121841 0.00219805 0.000171105 6.96058e-06 8.20827 1.65555
343 0.00378148 0.00874193 0.000171105 6.96058e-06 8.20827 1.65555
344 0.0050994 0.00115989 0.000171105 6.96058e-06 8.20827 1.65555
345 0.00389937 0.00230657 0.000171105 6.96058e-06 8.20827 1.65555
346 0.0128069 0.00173825 0.000171105 6.96058e-06 8.20827 1.65555
347 0.00175048 0.00202321 0.000171105 6.96058e-06 8.20827 1.65555
348 0.00300017 0.00101179 0.000171105 6.96058e-06 8.20827 1.65555
349 0.0091614 0.0622427 0.000171105 6.96058e-06 8.20827 1.65555
350 0.0529635 0.0045963 0.000171105 6.96058e-06 8.20827 1.65555
351 0.00187873 0.000452278 0.000171105 6.96058e-06 8.20827 1.65555
352 0.000857338 0.000558723 0.000171105 6.96058e-06 8.20827 1.65555
353 0.00104305 0.000347358 0.000171105 6.96058e-06 8.20827 1.65555
354 0.000725386 0.000414869 0.000171105 6.96058e-06 8.20827 1.65555
355 0.00152839 0.00319467 0.000171105 6.96058e-06 8.20827 1.65555
356 0.0232556 0.0089393 0.000171105 6.96058e-06 8.20827 1.65555
357 0.00379917 0.00132362 0.000171105 6.96058e-06 8.20827 1.65555
358 0.00165147 0.00778429 0.000171105 6.96058e-06 8.20827 1.65555
359 0.00159498 0.000372689 0.000171105 6.96058e-06 8.20827 1.65555
360 0.00235109 0.00151485 0.000171105 6.96058e-06 8.20827 1.65555
361 0.00288101 0.0759401 0.000171105 6.96058e-06 8.20827 1.65555
362 0.017499 0.0367846 0.000171105 6.96058e-06 8.20827 1.65555
363 0.0212607 0.00661166 0.000171105 6.96058e-06 8.20827 1.65555
364 0.00250349 0.000695192 0.000171105 6.96058e-06 8.20827 1.65555
365 0.00153766 0.00587342 0.000171105 6.96058e-06 8.20827 1.65555
366 0.0039467 0.0267682 0.000171105 6.96058e-06 8.20827 1.65555
367 0.0132909 0.000888697 0.000171105 6.96058e-06 8.20827 1.65555
368 0.00117626 0.000243687 0.000171105 6.96058e-06 8.20827 1.65555
369 0.0196211 0.00766628 0.000171105 6.96058e-06 8.20827 1.65555
370 0.00481861 0.00235066 0.000171105 6.96058e-06 8.20827 1.65555
371 0.00122357 0.00488048 0.000171105 6.96058e-06 8.20827 1.65555
372 0.00576285 0.0323131 0.000171105 6.96058e-06 8.20827 1.65555
373 0.00547127 0.00605322 0.000171105 6.96058e-06 8.20827 1.65555
374 0.0049907 0.00536263 0.000171105 6.96058e-06 8.20827 1.65555
375 0.00678299 0.00692476 0.000171105 6.96058e-06 8.20827 1.65555
376 0.00494306 0.00354666 0.000171105 6.96058e-06 8.20827 1.65555
377 0.000757296 0.000201208 0.000171105 6.96058e-06 8.20827 1.65555
378 0.000351594 0.00029623 0.000171105 6.96058e-06 8.20827 1.65555
379 0.000343621 0.000321689 0.000171105 6.96058e-06 8.20827 1.65555
380 0.000347277 0.000357792 0.000171105 6.96058e-06 8.20827 1.65555
381 0.000332464 0.000472909 0.000171105 6.96058e-06 8.20827 1.65555
382 0.000379403 0.000287072 0.000171105 6.96058e-06 8.20827 1.65555
383 0.000351524 0.000314017 0.000171105 6.96058e-06 8.20827 1.65555
384 0.000360819 0.000396958 0.000171105 6.96058e-06 8.20827 1.65555
385 0.000425326 0.000254299 0.000171105 6.96058e-06 8.20827 1.65555
386 0.000372607 0.000261756 0.000171105 6.96058e-06 8.20827 1.65555
387 0.000350254 0.000295553 0.000171105 6.96058e-06 8.20827 1.65555
388 0.000333847 0.000325032 0.000171105 6.96058e-06 8.20827 1.65555
389 0.000468707 0.000404243 0.000171105 6.96058e-06 8.20827 1.65555
390 0.000374713 0.000463942 0.000171105 6.96058e-06 8.20827 1.65555
391 0.000364808 0.000263908 0.000171105 6.96058e-06 8.20827 1.65555
392 0.000358778 0.000343577 0.000171105 6.96058e-06 8.20827 1.65555
393 0.000480253 0.000458457 0.000171105 6.96058e-06 8.20827 1.65555
394 0.000454187 0.000405446 0.000171105 6.96058e-06 8.20827 1.65555
395 0.000398214 0.000360188 0.000171105 6.96058e-06 8.20827 1.65555
396 0.000398231 0.000313052 0.000171105 6.96058e-06 8.20827 1.65555
397 0.000452558 0.000424645 0.000171105 6.96058e-06 8.20827 1.65555
398 0.0014403 0.00151196 0.000171105 6.96058e-06 8.20827 1.65555
399 0.000626056 0.00204692 0.000171105 6.96058e-06 8.20827 1.65555
400 0.00113182 0.00153086 0.000171105 6.96058e-06 8.20827 1.65555
401 0.00128102 0.000202232 0.000171105 6.96058e-06 8.20827 1.65555
402 0.000410026 0.00124634 0.000171105 6.96058e-06 8.20827 1.65555
403 0.000738876 0.000381562 0.000171105 6.96058e-06 8.20827 1.65555
404 0.000877738 0.000259416 0.000171105 6.96058e-06 8.20827 1.65555
405 0.00119025 0.00364302 0.000171105 6.96058e-06 8.20827 1.65555
406 0.000936411 0.000339029 0.000171105 6.96058e-06 8.20827 1.65555
407 0.00174037 0.00104357 0.000171105 6.96058e-06 8.20827 1.65555
408 0.000927485 0.000292438 0.000171105 6.96058e-06 8.20827 1.65555
409 0.000866905 0.00294899 0.000171105 6.96058e-06 8.20827 1.65555
410 0.00609516 0.00202317 0.000171105 6.96058e-06 8.20827 1.65555
411 0.0123373 0.0189337 0.000171105 6.96058e-06 8.20827 1.65555
412 0.0024246 0.000303611 0.000171105 6.96058e-06 8.20827 1.65555
413 0.000733979 0.000353294 0.000171105 6.96058e-06 8.20827 1.65555
414 0.000678097 0.00069741 0.000171105 6.96058e-06 8.20827 1.65555
415 0.000751366 0.0014027 0.000171105 6.96058e-06 8.20827 1.65555
416 0.000596299 0.000551944 0.000171105 6.96058e-06 8.20827 1.65555
417 0.00117592 0.00131426 0.000171105 6.96058e-06 8.20827 1.65555
418 0.0106181 0.0210434 0.000171105 6.96058e-06 8.20827 1.65555
419 0.00478937 0.000262216 0.000171105 6.96058e-06 8.20827 1.65555
420 0.000463936 0.000381126 0.000171105 6.96058e-06 8.20827 1.65555
421 0.00059683 0.000590034 0.000171105 6.96058e-06 8.20827 1.65555
422 0.000722608 0.000392877 0.000171105 6.96058e-06 8.20827 1.65555
423 0.0013035 0.000194613 0.000171105 6.96058e-06 8.20827 1.65555
424 0.00073005 0.000262376 0.000171105 6.96058e-06 8.20827 1.65555
425 0.00430786 0.0190157 0.000171105 6.96058e-06 8.20827 1.65555
426 0.00993355 0.0141697 0.000171105 6.96058e-06 8.20827 1.65555
427 0.00219814 0.000200396 0.000171105 6.96058e-06 8.20827 1.65555
428 0.00104975 0.00293879 0.000171105 6.96058e-06 8.20827 1.65555
429 0.00139707 0.000646455 0.000171105 6.96058e-06 8.20827 1.65555
430 0.00116062 0.000311034 0.000171105 6.96058e-06 8.20827 1.65555
431 0.000789816 0.00154825 0.000171105 6.96058e-06 8.20827 1.65555
432 0.000872226 0.00025578 0.000171105 6.96058e-06 8.20827 1.65555
433 0.000867676 0.000296145 0.000171105 6.96058e-06 8.20827 1.65555
434 0.000933106 0.000744158 0.000171105 6.96058e-06 8.20827 1.65555
435 0.00520173 0.00159341 0.000171105 6.96058e-06 8.20827 1.65555
436 0.00516946 0.000503557 0.000171105 6.96058e-06 8.20827 1.65555
437 0.0015866 0.00483268 0.000171105 6.96058e-06 8.20827 1.65555
438 0.00107123 0.000366997 0.000171105 6.96058e-06 8.20827 1.65555
439 0.000991897 0.00196167 0.000171105 6.96058e-06 8.20827 1.65555
440 0.000701789 0.00119264 0.000171105 6.96058e-06 8.20827 1.65555
441 0.00232571 0.00441673 0.000171105 6.96058e-06 8.20827 1.65555
442 0.00781231 0.00112027 0.000171105 6.96058e-06 8.20827 1.65555
443 0.00120767 0.000284875 0.000171105 6.96058e-06 8.20827 1.65555
444 0.00168063 0.00146679 0.000171105 6.96058e-06 8.20827 1.65555
445 0.0091672 0.000287186 0.000171105 6.96058e-06 8.20827 1.65555
446 0.00174341 0.000413459 0.000171105 6.96058e-06 8.20827 1.65555
447 0.000721038 0.000220512 0.000171105 6.96058e-06 8.20827 1.65555
448 0.000897717 0.00183748 0.000171105 6.96058e-06 8.20827 1.65555
449 0.00237717 0.00309002 0.000171105 6.96058e-06 8.20827 1.65555
450 0.00304612 0.000812928 0.000171105 6.96058e-06 8.20827 1.65555
451 0.00136009 0.000762494 0.000171105 6.96058e-06 8.20827 1.65555
452 0.00193535 0.013755 0.000171105 6.96058e-06 8.20827 1.65555
453 0.00213835 0.00039612 0.000171105 6.96058e-06 8.20827 1.65555
454 0.000968137 0.00175661 0.000171105 6.96058e-06 8.20827 1.65555
455 0.00653344 0.00871807 0.000171105 6.96058e-06 8.20827 1.65555
456 0.00690801 0.00550251 0.000171105 6.96058e-06 8.20827 1.65555
457 0.001966 0.000936205 0.000171105 6.96058e-06 8.20827 1.65555
458 0.00196749 0.00515881 0.000171105 6.96058e-06 8.20827 1.65555
459 0.00244536 0.00108748 0.000171105 6.96058e-06 8.20827 1.65555
460 0.000904304 0.0005717 0.000171105 6.96058e-06 8.20827 1.65555
461 0.000518256 0.000323342 0.000171105 6.96058e-06 8.20827 1.65555
462 0.000543156 0.000272264 0.000171105 6.96058e-06 8.20827 1.65555
463 0.0022005 0.00179393 0.000171105 6.96058e-06 8.20827 1.65555
464 0.0084324 0.0133511 0.000171105 6.96058e-06 8.20827 1.65555
465 0.00709641 0.0313282 0.000171105 6.96058e-06 8.20827 1.65555
466 0.00810028 0.00176967 0.000171105 6.96058e-06 8.20827 1.65555
467 0.000586858 0.000261021 0.000171105 6.96058e-06 8.20827 1.65555
468 0.000478918 0.000285226 0.000171105 6.96058e-06 8.20827 1.65555
469 0.00207808 0.000921323 0.000171105 6.96058e-06 8.20827 1.65555
470 0.000703931 0.0030325 0.000171105 6.96058e-06 8.20827 1.65555
471 0.00156094 0.00369086 0.000171105 6.96058e-06 8.20827 1.65555
472 0.00141808 0.00186998 0.000171105 6.96058e-06 8.20827 1.65555
473 0.00144427 0.00035387 0.000171105 6.96058e-06 8.20827 1.65555
474 0.00163351 0.00329629 0.000171105 6.96058e-06 8.20827 1.65555
475 0.0010286 0.000426747 0.000171105 6.96058e-06 8.20827 1.65555
476 0.00104823 0.000696333 0.000171105 6.96058e-06 8.20827 1.65555
477 0.000398271 0.000331773 0.000171105 6.96058e-06 8.20827 1.65555
478 0.000308439 0.000256828 0.000171105 6.96058e-06 8.20827 1.65555
479 0.000302646 0.000324001 0.000171105 6.96058e-06 8.20827 1.65555
480 0.000421271 0.000398834 0.000171105 6.96058e-06 8.20827 1.65555
481 0.00040561 0.000410811 0.000171105 6.96058e-06 8.20827 1.65555
482 0.000526557 0.000924173 0.000171105 6.96058e-06 8.20827 1.65555
483 0.000364328 0.000307131 0.000171105 6.96058e-06 8.20827 1.65555
484 0.000352676 0.000212745 0.000171105 6.96058e-06 8.20827 1.65555
485 0.000570109 0.00047754 0.000171105 6.96058e-06 8.20827 1.65555
486 0.000461073 0.000232976 0.000171105 6.96058e-06 8.20827 1.65555
487 0.000359928 0.000657928 0.000171105 6.96058e-06 8.20827 1.65555
488 0.000333194 0.000523769 0.000171105 6.96058e-06 8.20827 1.65555
489 0.000433214 0.00107128 0.000171105 6.96058e-06 8.20827 1.65555
490 0.000512221 0.000247566 0.000171105 6.96058e-06 8.20827 1.65555
491 0.000367766 0.000252652 0.000171105 6.96058e-06 8.20827 1.65555
492 0.00051445 0.000376616 0.000171105 6.96058e-06 8.20827 1.65555
493 0.000569809 0.00067594 0.000171105 6.96058e-06 8.20827 1.65555
494 0.000364024 0.000243806 0.000171105 6.96058e-06 8.20827 1.65555
495 0.000332915 0.000193142 0.000171105 6.96058e-06 8.20827 1.65555
496 0.000370511 0.000740413 0.000171105 6.96058e-06 8.20827 1.65555
497 0.000686514 0.00058068 0.000171105 6.96058e-06 8.20827 1.65555
498 0.000793754 0.00296529 0.000171105 6.96058e-06 8.20827 1.65555
499 0.000900927 0.000178988 0.000171105 6.96058e-06 8.20827 1.65555
500 0.000454681 0.0005018 0.000171105 6.96058e-06 8.20827 1.65555
501 0.000424299 0.000411096 0.000171105 6.96058e-06 8.20827 1.65555
502 0.000351427 0.000310282 0.000171105 6.96058e-06 8.20827 1.65555
503 0.000406704 0.000603898 0.000171105 6.96058e-06 8.20827 1.65555
504 0.000898383 0.00138934 0.000171105 6.96058e-06 8.20827 1.65555
505 0.000608482 0.000796558 0.000171105 6.96058e-06 8.20827 1.65555
506 0.000553807 0.00100821 0.000171105 6.96058e-06 8.20827 1.65555
507 0.000531255 0.000299452 0.000171105 6.96058e-06 8.20827 1.65555
508 0.000763037 0.000260227 0.000171105 6.96058e-06 8.20827 1.65555
509 0.000513508 0.000193028 0.000171105 6.96058e-06 8.20827 1.65555
510 0.000554209 0.000595794 0.000171105 6.96058e-06 8.20827 1.65555
511 0.000432297 0.000461529 0.000171105 6.96058e-06 8.20827 1.65555
512 0.000365068 0.000379402 0.000171105 6.96058e-06 8.20827 1.65555
513 0.000875065 0.00037114 0.000171105 6.96058e-06 8.20827 1.65555
514 0.000550661 0.000511565 0.000171105 6.96058e-06 8.20827 1.65555
515 0.000672163 0.000554394 0.000171105 6.96058e-06 8.20827 1.65555
516 0.000977805 0.000375098 0.000171105 6.96058e-06 8.20827 1.65555
517 0.000856686 0.000635951 0.000171105 6.96058e-06 8.20827 1.65555
518 0.000953914 0.00116314 0.000171105 6.96058e-06 8.20827 1.65555
519 0.000556035 0.000974589 0.000171105 6.96058e-06 8.20827 1.65555
520 0.00122459 0.000395454 0.000171105 6.96058e-06 8.20827 1.65555
521 0.00144817 0.000335208 0.000171105 6.96058e-06 8.20827 1.65555
522 0.00204716 0.00106722 0.000171105 6.96058e-06 8.20827 1.65555
523 0.000763972 0.000244165 0.000171105 6.96058e-06 8.20827 1.65555
524 0.00049481 0.000641849 0.000171105 6.96058e-06 8.20827 1.65555
525 0.000761112 0.000403476 0.000171105 6.96058e-06 8.20827 1.65555
526 0.000502013 0.00044093 0.000171105 6.96058e-06 8.20827 1.65555
527 0.00125146 0.000870037 0.000171105 6.96058e-06 8.20827 1.65555
528 0.0023707 0.00297802 0.000171105 6.96058e-06 8.20827 1.65555
529 0.00160217 0.000595787 0.000171105 6.96058e-06 8.20827 1.65555
530 0.000552568 0.000271873 0.000171105 6.96058e-06 8.20827 1.65555
531 0.000526298 0.000471954 0.000171105 6.96058e-06 8.20827 1.65555
532 0.000490241 0.000275807 0.000171105 6.96058e-06 8.20827 1.65555
533 0.000437979 0.000262297 0.000171105 6.96058e-06 8.20827 1.65555
534 0.000440131 0.000519553 0.000171105 6.96058e-06 8.20827 1.65555
535 0.00163442 0.000349116 0.000171105 6.96058e-06 8.20827 1.65555
536 0.000525889 0.000596264 0.000171105 6.96058e-06 8.20827 1.65555
537 0.000522334 0.000400573 0.000171105 6.96058e-06 8.20827 1.65555
538 0.000580313 0.000952876 0.000171105 6.96058e-06 8.20827 1.65555
539 0.000684423 0.000227999 0.000171105 6.96058e-06 8.20827 1.65555
540 0.00157446 0.00131249 0.000171105 6.96058e-06 8.20827 1.65555
541 0.00100025 0.000425564 0.000171105 6.96058e-06 8.20827 1.65555
542 0.00102478 0.00190892 0.000171105 6.96058e-06 8.20827 1.65555
543 0.000590257 0.000258345 0.000171105 6.96058e-06 8.20827 1.65555
544 0.000384844 0.00056488 0.000171105 6.96058e-06 8.20827 1.65555
545 0.000925537 0.00155258 0.000171105 6.96058e-06 8.20827 1.65555
546 0.000942466 0.00430604 0.000171105 6.96058e-06 8.20827 1.65555
547 0.00122115 0.000970984 0.000171105 6.96058e-06 8.20827 1.65555
548 0.000770584 0.000376675 0.000171105 6.96058e-06 8.20827 1.65555
549 0.00059854 0.000309182 0.000171105 6.96058e-06 8.20827 1.65555
550 0.000750628 0.00237476 0.000171105 6.96058e-06 8.20827 1.65555
551 0.00134156 0.00102218 0.000171105 6.96058e-06 8.20827 1.65555
552 0.000920423 0.000487031 0.000171105 6.96058e-06 8.20827 1.65555
553 0.000756597 0.000465256 0.000171105 6.96058e-06 8.20827 1.65555
554 0.000485369 0.000405987 0.000171105 6.96058e-06 8.20827 1.65555
555 0.000490382 0.000355819 0.000171105 6.96058e-06 8.20827 1.65555
556 0.00049458 0.000281098 0.000171105 6.96058e-06 8.20827 1.65555
557 0.00229491 0.00300403 0.000171105 6.96058e-06 8.20827 1.65555
558 0.00113484 0.000641252 0.000171105 6.96058e-06 8.20827 1.65555
559 0.00158557 0.0033112 0.000171105 6.96058e-06 8.20827 1.65555
560 0.000911737 0.000348328 0.000171105 6.96058e-06 8.20827 1.65555
561 0.000453053 0.00101163 0.000171105 6.96058e-06 8.20827 1.65555
562 0.00103558 0.000304022 0.000171105 6.96058e-06 8.20827 1.65555
563 0.0011081 0.00417007 0.000171105 6.96058e-06 8.20827 1.65555
564 0.000681317 0.000371222 0.000171105 6.96058e-06 8.20827 1.65555
565 0.000620336 0.00111705 0.000171105 6.96058e-06 8.20827 1.65555
566 0.00124185 0.000573943 0.000171105 6.96058e-06 8.20827 1.65555
567 0.00136416 0.000411333 0.000171105 6.96058e-06 8.20827 1.65555
568 0.000431851 0.000334145 0.000171105 6.96058e-06 8.20827 1.65555
569 0.00143521 0.000255047 0.000171105 6.96058e-06 8.20827 1.65555
570 0.000473454 0.000421722 0.000171105 6.96058e-06 8.20827 1.65555
571 0.000683116 0.000299452 0.000171105 6.96058e-06 8.20827 1.65555
572 0.00134879 0.000370133 0.000171105 6.96058e-06 8.20827 1.65555
573 0.00133459 0.00152347 0.000171105 6.96058e-06 8.20827 1.65555
574 0.000899038 0.00114338 0.000171105 6.96058e-06 8.20827 1.65555
575 0.000437979 0.000663548 0.000171105 6.96058e-06 8.20827 1.65555
576 0.000473967 0.00118608 0.000171105 6.96058e-06 8.20827 1.65555
577 0.000351444 0.000263143 0.000171105 6.96058e-06 8.20827 1.65555
578 0.00036096 0.00035761 0.000171105 6.96058e-06 8.20827 1.65555
579 0.000332982 0.000247144 0.000171105 6.96058e-06 8.20827 1.65555
580 0.000298729 0.000258096 0.000171105 6.96058e-06 8.20827 1.65555
581 0.000294864 0.000242076 0.000171105 6.96058e-06 8.20827 1.65555
582 0.000375688 0.000210249 0.000171105 6.96058e-06 8.20827 1.65555
583 0.000285786 0.000253317 0.000171105 6.96058e-06 8.20827 1.65555
584 0.000324809 0.000329076 0.000171105 6.96058e-06 8.20827 1.65555
585 0.000363377 0.000217584 0.000171105 6.96058e-06 8.20827 1.65555
586 0.000362534 0.000380768 0.000171105 6.96058e-06 8.20827 1.65555
587 0.000301263 0.00046022 0.000171105 6.96058e-06 8.20827 1.65555
588 0.000334075 0.000230737 0.000171105 6.96058e-06 8.20827 1.65555
589 0.000337787 0.00036716 0.000171105 6.96058e-06 8.20827 1.65555
590 0.000320176 0.000284176 0.000171105 6.96058e-06 8.20827 1.65555
591 0.000330777 0.000728205 0.000171105 6.96058e-06 8.20827 1.65555
592 0.000504994 0.00037621 0.000171105 6.96058e-06 8.20827 1.65555
593 0.000351725 0.000239357 0.000171105 6.96058e-06 8.20827 1.65555
594 0.000405053 0.000743431 0.000171105 6.96058e-06 8.20827 1.65555
595 0.00037782 0.000269091 0.000171105 6.96058e-06 8.20827 1.65555
596 0.000296876 0.000360023 0.000171105 6.96058e-06 8.20827 1.65555
597 0.00042847 0.00116933 0.000171105 6.96058e-06 8.20827 1.65555
598 0.000433522 0.000330246 0.000171105 6.96058e-06 8.20827 1.65555
599 0.000337832 0.000551402 0.000171105 6.96058e-06 8.20827 1.65555
600 0.000340482 0.000389454 0.000171105 6.96058e-06 8.20827 1.65555
601 0.000387181 0.000314597 0.000171105 6.96058e-06 8.20827 1.65555
602 0.000355808 0.00029913 0.000171105 6.96058e-06 8.20827 1.65555
603 0.000310947 0.000275815 0.000171105 6.96058e-06 8.20827 1.65555
604 0.000346836 0.000239192 0.000171105 6.96058e-06 8.20827 1.65555
605 0.000368716 0.000165777 0.000171105 6.96058e-06 8.20827 1.65555
606 0.000365189 0.000241989 0.000165777 5.41586e-06 8.07947 1.46034
607 0.000400549 0.000298197 0.000165777 5.41586e-06 8.07947 1.46034
608 0.000658454 0.00034486 0.000165777 5.41586e-06 8.07947 1.46034
609 0.000996897 0.000277016 0.000165777 5.41586e-06 8.07947 1.46034
610 0.00031442 0.000222495 0.000165777 5.41586e-06 8.07947 1.46034
611 0.00032959 0.000226534 0.000165777 5.41586e-06 8.07947 1.46034
612 0.000371772 0.000643705 0.000165777 5.41586e-06 8.07947 1.46034
613 0.000385276 0.00038357 0.000165777 5.41586e-06 8.07947 1.46034
614 0.000362629 0.000385082 0.000165777 5.41586e-06 8.07947 1.46034
615 0.00049183 0.000767248 0.000165777 5.41586e-06 8.07947 1.46034
616 0.000467452 0.000772889 0.000165777 5.41586e-06 8.07947 1.46034
617 0.00045257 0.000333971 0.000165777 5.41586e-06 8.07947 1.46034
618 0.00034144 0.000368512 0.000165777 5.41586e-06 8.07947 1.46034
619 0.000372786 0.00041411 0.000165777 5.41586e-06 8.07947 1.46034
620 0.000508383 0.000364737 0.000165777 5.41586e-06 8.07947 1.46034
621 0.000382183 0.000288213 0.000165777 5.41586e-06 8.07947 1.46034
622 0.000409305 0.00026924 0.000165777 5.41586e-06 8.07947 1.46034
623 0.000378283 0.000230591 0.000165777 5.41586e-06 8.07947 1.46034
624 0.000720946 0.00282161 0.000165777 5.41586e-06 8.07947 1.46034
625 0.000699387 0.000672257 0.000165777 5.41586e-06 8.07947 1.46034
626 0.000367477 0.000385408 0.000165777 5.41586e-06 8.07947 1.46034
627 0.000412562 0.000773841 0.000165777 5.41586e-06 8.07947 1.46034
628 0.000539495 0.000220118 0.000165777 5.41586e-06 8.07947 1.46034
629 0.000655561 0.000533587 0.000165777 5.41586e-06 8.07947 1.46034
630 0.000479468 0.000298957 0.000165777 5.41586e-06 8.07947 1.46034
631 0.000527094 0.000584533 0.000165777 5.41586e-06 8.07947 1.46034
632 0.000465722 0.000445939 0.000165777 5.41586e-06 8.07947 1.46034
633 0.000378088 0.000267439 0.000165777 5.41586e-06 8.07947 1.46034
634 0.00042195 0.000373357 0.000165777 5.41586e-06 8.07947 1.46034
635 0.000466431 0.000270936 0.000165777 5.41586e-06 8.07947 1.46034
636 0.00058221 0.00163873 0.000165777 5.41586e-06 8.07947 1.46034
637 0.000669183 0.000730923 0.000165777 5.41586e-06 8.07947 1.46034
638 0.00046964 0.000288322 0.000165777 5.41586e-06 8.07947 1.46034
639 0.000632659 0.000342309 0.000165777 5.41586e-06 8.07947 1.46034
640 0.000469939 0.000303149 0.000165777 5.41586e-06 8.07947 1.46034
641 0.000372254 0.000381375 0.000165777 5.41586e-06 8.07947 1.46034
642 0.000319915 0.0002805 0.000165777 5.41586e-06 8.07947 1.46034
643 0.000314373 0.000506889 0.000165777 5.41586e-06 8.07947 1.46034
644 0.000382574 0.000383213 0.000165777 5.41586e-06 8.07947 1.46034
645 0.000317046 0.000192926 0.000165777 5.41586e-06 8.07947 1.46034
646 0.000816456 0.000721362 0.000165777 5.41586e-06 8.07947 1.46034
647 0.000511017 0.000350334 0.000165777 5.41586e-06 8.07947 1.46034
648 0.000587672 0.00019667 0.000165777 5.41586e-06 8.07947 1.46034
649 0.0005449 0.000536638 0.000165777 5.41586e-06 8.07947 1.46034
650 0.000771952 0.00069798 0.000165777 5.41586e-06 8.07947 1.46034
651 0.000715905 0.000321586 0.000165777 5.41586e-06 8.07947 1.46034
652 0.000345881 0.000314034 0.000165777 5.41586e-06 8.07947 1.46034
653 0.000330698 0.000201345 0.000165777 5.41586e-06 8.07947 1.46034
654 0.000377701 0.000256725 0.000165777 5.41586e-06 8.07947 1.46034
655 0.000393114 0.000228137 0.000165777 5.41586e-06 8.07947 1.46034
656 0.000349995 0.000248284 0.000165777 5.41586e-06 8.07947 1.46034
657 0.000495575 0.000276697 0.000165777 5.41586e-06 8.07947 1.46034
658 0.000549817 0.000940088 0.000165777 5.41586e-06 8.07947 1.46034
659 0.000464725 0.000264336 0.000165777 5.41586e-06 8.07947 1.46034
660 0.000584463 0.000209982 0.000165777 5.41586e-06 8.07947 1.46034
661 0.000430118 0.000330159 0.000165777 5.41586e-06 8.07947 1.46034
662 0.000449009 0.000428908 0.000165777 5.41586e-06 8.07947 1.46034
663 0.000512361 0.000278558 0.000165777 5.41586e-06 8.07947 1.46034
664 0.000353351 0.000222089 0.000165777 5.41586e-06 8.07947 1.46034
665 0.000510126 0.000391997 0.000165777 5.41586e-06 8.07947 1.46034
666 0.000518071 0.000710949 0.000165777 5.41586e-06 8.07947 1.46034
667 0.000477989 0.000735278 0.000165777 5.41586e-06 8.07947 1.46034
668 0.000501837 0.000620021 0.000165777 5.41586e-06 8.07947 1.46034
669 0.000375172 0.000263399 0.000165777 5.41586e-06 8.07947 1.46034
670 0.000304955 0.00028816 0.000165777 5.41586e-06 8.07947 1.46034
671 0.000352749 0.000455046 0.000165777 5.41586e-06 8.07947 1.46034
672 0.000341709 0.000247634 0.000165777 5.41586e-06 8.07947 1.46034
673 0.000490998 0.000292436 0.000165777 5.41586e-06 8.07947 1.46034
674 0.000373849 0.000646195 0.000165777 5.41586e-06 8.07947 1.46034
675 0.00118815 0.000186325 0.000165777 5.41586e-06 8.07947 1.46034
676 0.000492811 0.000225887 0.000165777 5.41586e-06 8.07947 1.46034
677 0.000508146 0.00141043 0.000165777 5.41586e-06 8.07947 1.46034
678 0.000580284 0.000282672 0.000165777 5.41586e-06 8.07947 1.46034
679 0.000451045 0.000245561 0.000165777 5.41586e-06 8.07947 1.46034
680 0.000340363 0.000486541 0.000165777 5.41586e-06 8.07947 1.46034
681 0.00055537 0.000974584 0.000165777 5.41586e-06 8.07947 1.46034
682 0.000458014 0.000196111 0.000165777 5.41586e-06 8.07947 1.46034
683 0.000523015 0.000288773 0.000165777 5.41586e-06 8.07947 1.46034
684 0.000383841 0.000321049 0.000165777 5.41586e-06 8.07947 1.46034
685 0.000637415 0.000196994 0.000165777 5.41586e-06 8.07947 1.46034
686 0.000366974 0.000201661 0.000165777 5.41586e-06 8.07947 1.46034
687 0.000350765 0.000264718 0.000165777 5.41586e-06 8.07947 1.46034
688 0.000354581 0.000242571 0.000165777 5.41586e-06 8.07947 1.46034
689 0.000377178 0.000258322 0.000165777 5.41586e-06 8.07947 1.46034
690 0.000469616 0.000575088 0.000165777 5.41586e-06 8.07947 1.46034
691 0.000434831 0.000559959 0.000165777 5.41586e-06 8.07947 1.46034
692 0.000344866 0.000354608 0.000165777 5.41586e-06 8.07947 1.46034
693 0.00032604 0.000287645 0.000165777 5.41586e-06 8.07947 1.46034
694 0.000394756 0.0017585 0.000165777 5.41586e-06 8.07947 1.46034
695 0.000921876 0.00140134 0.000165777 5.41586e-06 8.07947 1.46034
696 0.000554344 0.000280254 0.000165777 5.41586e-06 8.07947 1.46034
697 0.000355952 0.000340467 0.000165777 5.41586e-06 8.07947 1.46034
698 0.000352388 0.000331036 0.000165777 5.41586e-06 8.07947 1.46034
699 0.000404171 0.000297394 0.000165777 5.41586e-06 8.07947 1.46034
700 0.000370663 0.00124898 0.000165777 5.41586e-06 8.07947 1.46034
701 0.000593855 0.000362978 0.000165777 5.41586e-06 8.07947 1.46034
702 0.00036552 0.000246953 0.000165777 5.41586e-06 8.07947 1.46034
703 0.000469566 0.000276408 0.000165777 5.41586e-06 8.07947 1.46034
704 0.000555883 0.00277285 0.000165777 5.41586e-06 8.07947 1.46034
705 0.000720521 0.000330172 0.000165777 5.41586e-06 8.07947 1.46034
706 0.000313925 0.000229604 0.000165777 5.41586e-06 8.07947 1.46034
707 0.000351169 0.000322426 0.000165777 5.41586e-06 8.07947 1.46034
708 0.00029834 0.000205074 0.000165777 5.41586e-06 8.07947 1.46034
709 0.000283297 0.000254534 0.000165777 5.41586e-06 8.07947 1.46034
710 0.00029005 0.00030387 0.000165777 5.41586e-06 8.07947 1.46034
711 0.00029091 0.000246583 0.000165777 5.41586e-06 8.07947 1.46034
712 0.000289591 0.000189847 0.000165777 5.41586e-06 8.07947 1.46034
713 0.000283806 0.000261879 0.000165777 5.41586e-06 8.07947 1.46034
714 0.000296668 0.000266617 0.000165777 5.41586e-06 8.07947 1.46034
715 0.000280434 0.000226119 0.000165777 5.41586e-06 8.07947 1.46034
716 0.000320645 0.000271553 0.000165777 5.41586e-06 8.07947 1.46034
717 0.000292578 0.000278994 0.000165777 5.41586e-06 8.07947 1.46034
718 0.000301015 0.000326335 0.000165777 5.41586e-06 8.07947 1.46034
719 0.000314055 0.000204981 0.000165777 5.41586e-06 8.07947 1.46034
720 0.000313847 0.000310729 0.000165777 5.41586e-06 8.07947 1.46034
721 0.000332519 0.000255598 0.000165777 5.41586e-06 8.07947 1.46034
722 0.000277385 0.000342266 0.000165777 5.41586e-06 8.07947 1.46034
723 0.000303663 0.000286783 0.000165777 5.41586e-06 8.07947 1.46034
724 0.000289855 0.00030482 0.000165777 5.41586e-06 8.07947 1.46034
725 0.000313269 0.000265593 0.000165777 5.41586e-06 8.07947 1.46034
726 0.000324443 0.000353256 0.000165777 5.41586e-06 8.07947 1.46034
727 0.00029639 0.000280915 0.000165777 5.41586e-06 8.07947 1.46034
728 0.000338448 0.000224541 0.000165777 5.41586e-06 8.07947 1.46034
729 0.000360025 0.000231492 0.000165777 5.41586e-06 8.07947 1.46034
730 0.000307351 0.000235933 0.000165777 5.41586e-06 8.07947 1.46034
731 0.000349115 0.000257469 0.000165777 5.41586e-06 8.07947 1.46034
732 0.000350585 0.000202173 0.000165777 5.41586e-06 8.07947 1.46034
733 0.000382178 0.000249575 0.000165777 5.41586e-06 8.07947 1.46034
734 0.00048109 0.000302588 0.000165777 5.41586e-06 8.07947 1.46034
735 0.000353016 0.000352809 0.000165777 5.41586e-06 8.07947 1.46034
736 0.000354215 0.000617034 0.000165777 5.41586e-06 8.07947 1.46034
737 0.000340554 0.000290894 0.000165777 5.41586e-06 8.07947 1.46034
738 0.000342682 0.000268695 0.000165777 5.41586e-06 8.07947 1.46034
739 0.00029517 0.000249518 0.000165777 5.41586e-06 8.07947 1.46034
740 0.000308553 0.000269896 0.000165777 5.41586e-06 8.07947 1.46034
741 0.000315596 0.000253789 0.000165777 5.41586e-06 8.07947 1.46034
742 0.000328444 0.000445813 0.000165777 5.41586e-06 8.07947 1.46034
743 0.000335038 0.000171817 0.000165777 5.41586e-06 8.07947 1.46034
744 0.000283506 0.000239339 0.000165777 5.41586e-06 8.07947 1.46034
745 0.000369104 0.000220963 0.000165777 5.41586e-06 8.07947 1.46034
746 0.000292405 0.00027263 0.000165777 5.41586e-06 8.07947 1.46034
747 0.000314292 0.000178181 0.000165777 5.41586e-06 8.07947 1.46034
748 0.000368355 0.000229286 0.000165777 5.41586e-06 8.07947 1.46034
749 0.000325115 0.000378474 0.000165777 5.41586e-06 8.07947 1.46034
750 0.000307151 0.000288565 0.000165777 5.41586e-06 8.07947 1.46034
751 0.000329868 0.000215207 0.000165777 5.41586e-06 8.07947 1.46034
752 0.000409631 0.000186378 0.000165777 5.41586e-06 8.07947 1.46034
753 0.000321493 0.000345875 0.000165777 5.41586e-06 8.07947 1.46034
754 0.000295924 0.000256393 0.000165777 5.41586e-06 8.07947 1.46034
755 0.000290107 0.000236082 0.000165777 5.41586e-06 8.07947 1.46034
756 0.00039996 0.000295116 0.000165777 5.41586e-06 8.07947 1.46034
757 0.000300434 0.000326562 0.000165777 5.41586e-06 8.07947 1.46034
758 0.000388039 0.000302241 0.000165777 5.41586e-06 8.07947 1.46034
759 0.0003348 0.000405362 0.000165777 5.41586e-06 8.07947 1.46034
760 0.00031564 0.000253512 0.000165777 5.41586e-06 8.07947 1.46034
761 0.000329483 0.00029114 0.000165777 5.41586e-06 8.07947 1.46034
762 0.000310075 0.000389863 0.000165777 5.41586e-06 8.07947 1.46034
763 0.000379348 0.000258413 0.000165777 5.41586e-06 8.07947 1.46034
764 0.000334898 0.000492255 0.000165777 5.41586e-06 8.07947 1.46034
765 0.000326482 0.000239955 0.000165777 5.41586e-06 8.07947 1.46034
766 0.00038539 0.000419986 0.000165777 5.41586e-06 8.07947 1.46034
767 0.000317372 0.000328762 0.000165777 5.41586e-06 8.07947 1.46034
768 0.000297568 0.000227653 0.000165777 5.41586e-06 8.07947 1.46034
769 0.000368826 0.000308706 0.000165777 5.41586e-06 8.07947 1.46034
770 0.000303336 0.000267473 0.000165777 5.41586e-06 8.07947 1.46034
771 0.000466792 0.00035134 0.000165777 5.41586e-06 8.07947 1.46034
772 0.000376429 0.000303576 0.000165777 5.41586e-06 8.07947 1.46034
773 0.000296297 0.000321533 0.000165777 5.41586e-06 8.07947 1.46034
774 0.00029993 0.000281057 0.000165777 5.41586e-06 8.07947 1.46034
775 0.000312467 0.000311776 0.000165777 5.41586e-06 8.07947 1.46034
776 0.000329243 0.000298868 0.000165777 5.41586e-06 8.07947 1.46034
777 0.000287384 0.000226925 0.000165777 5.41586e-06 8.07947 1.46034
778 0.000289997 0.000422275 0.000165777 5.41586e-06 8.07947 1.46034
779 0.000332915 0.000304057 0.000165777 5.41586e-06 8.07947 1.46034
780 0.00036163 0.000287736 0.000165777 5.41586e-06 8.07947 1.46034
781 0.00039463 0.000513686 0.000165777 5.41586e-06 8.07947 1.46034
782 0.000381539 0.000285976 0.000165777 5.41586e-06 8.07947 1.46034
783 0.000295189 0.000324705 0.000165777 5.41586e-06 8.07947 1.46034
784 0.000298485 0.000321436 0.000165777 5.41586e-06 8.07947 1.46034
785 0.000302313 0.000345937 0.000165777 5.41586e-06 8.07947 1.46034
786 0.000287597 0.000248048 0.000165777 5.41586e-06 8.07947 1.46034
787 0.000323401 0.000272322 0.000165777 5.41586e-06 8.07947 1.46034
788 0.000320862 0.000319541 0.000165777 5.41586e-06 8.07947 1.46034
789 0.000384027 0.000309546 0.000165777 5.41586e-06 8.07947 1.46034
790 0.000472048 0.000373115 0.000165777 5.41586e-06 8.07947 1.46034
791 0.000366547 0.000251805 0.000165777 5.41586e-06 8.07947 1.46034
792 0.000344187 0.00038454 0.000165777 5.41586e-06 8.07947 1.46034
793 0.000296246 0.000169102 0.000165777 5.41586e-06 8.07947 1.46034
794 0.00033281 0.000352523 0.000165777 5.41586e-06 8.07947 1.46034
795 0.000378738 0.000374906 0.000165777 5.41586e-06 8.07947 1.46034
796 0.000387348 0.000258077 0.000165777 5.41586e-06 8.07947 1.46034
797 0.000377609 0.000331036 0.000165777 5.41586e-06 8.07947 1.46034
798 0.000296357 0.00032172 0.000165777 5.41586e-06 8.07947 1.46034
799 0.000275984 0.000304949 0.000165777 5.41586e-06 8.07947 1.46034
800 0.000289896 0.000203585 0.000165777 5.41586e-06 8.07947 1.46034
801 0.0004107 0.000394707 0.000165777 5.41586e-06 8.07947 1.46034
802 0.000329113 0.000506861 0.000165777 5.41586e-06 8.07947 1.46034
803 0.000343237 0.00058633 0.000165777 5.41586e-06 8.07947 1.46034
804 0.000414551 0.000529733 0.000165777 5.41586e-06 8.07947 1.46034
805 0.000365706 0.0002394 0.000165777 5.41586e-06 8.07947 1.46034
806 0.000275203 0.000190251 0.000165777 5.41586e-06 8.07947 1.46034
807 0.000267933 0.000230805 0.000165777 5.41586e-06 8.07947 1.46034
808 0.000269371 0.000265946 0.000165777 5.41586e-06 8.07947 1.46034
809 0.000318043 0.000246887 0.000165777 5.41586e-06 8.07947 1.46034
810 0.000267742 0.000253775 0.000165777 5.41586e-06 8.07947 1.46034
811 0.000275142 0.000328785 0.000165777 5.41586e-06 8.07947 1.46034
812 0.000263112 0.000230009 0.000165777 5.41586e-06 8.07947 1.46034
813 0.000277402 0.000220545 0.000165777 5.41586e-06 8.07947 1.46034
814 0.000264163 0.000265695 0.000165777 5.41586e-06 8.07947 1.46034
815 0.000274971 0.000257691 0.000165777 5.41586e-06 8.07947 1.46034
816 0.000274598 0.000214038 0.000165777 5.41586e-06 8.07947 1.46034
817 0.000277974 0.000218937 0.000165777 5.41586e-06 8.07947 1.46034
818 0.000268924 0.000238149 0.000165777 5.41586e-06 8.07947 1.46034
819 0.00028164 0.000254564 0.000165777 5.41586e-06 8.07947 1.46034
820 0.000265032 0.00024906 0.000165777 5.41586e-06 8.07947 1.46034
821 0.00027063 0.000242868 0.000165777 5.41586e-06 8.07947 1.46034
822 0.000297263 0.000232259 0.000165777 5.41586e-06 8.07947 1.46034
823 0.000291442 0.000232698 0.000165777 5.41586e-06 8.07947 1.46034
824 0.000288897 0.00023894 0.000165777 5.41586e-06 8.07947 1.46034
825 0.000278315 0.000224404 0.000165777 5.41586e-06 8.07947 1.46034
826 0.000292177 0.000219532 0.000165777 5.41586e-06 8.07947 1.46034
827 0.000270548 0.00027198 0.000165777 5.41586e-06 8.07947 1.46034
828 0.000353669 0.00031335 0.000165777 5.41586e-06 8.07947 1.46034
829 0.000328192 0.000431978 0.000165777 5.41586e-06 8.07947 1.46034
830 0.000296672 0.000230437 0.000165777 5.41586e-06 8.07947 1.46034
831 0.000294903 0.000199419 0.000165777 5.41586e-06 8.07947 1.46034
832 0.000279153 0.000289894 0.000165777 5.41586e-06 8.07947 1.46034
833 0.000280133 0.00026038 0.000165777 5.41586e-06 8.07947 1.46034
834 0.000279952 0.000330447 0.000165777 5.41586e-06 8.07947 1.46034
835 0.000280718 0.000271178 0.000165777 5.41586e-06 8.07947 1.46034
836 0.000295462 0.00018668 0.000165777 5.41586e-06 8.07947 1.46034
837 0.000280078 0.000239966 0.000165777 5.41586e-06 8.07947 1.46034
838 0.000277177 0.000256511 0.000165777 5.41586e-06 8.07947 1.46034
839 0.00029988 0.000237159 0.000165777 5.41586e-06 8.07947 1.46034
840 0.000276594 0.000230319 0.000165777 5.41586e-06 8.07947 1.46034
841 0.000272932 0.000289654 0.000165777 5.41586e-06 8.07947 1.46034
842 0.000322809 0.000450064 0.000165777 5.41586e-06 8.07947 1.46034
843 0.00029054 0.00023234 0.000165777 5.41586e-06 8.07947 1.46034
844 0.000279411 0.000192253 0.000165777 5.41586e-06 8.07947 1.46034
845 0.000364382 0.000254191 0.000165777 5.41586e-06 8.07947 1.46034
846 0.000304032 0.000385854 0.000165777 5.41586e-06 8.07947 1.46034
847 0.000278248 0.000219403 0.000165777 5.41586e-06 8.07947 1.46034
848 0.000312834 0.000272756 0.000165777 5.41586e-06 8.07947 1.46034
849 0.000288245 0.00027672 0.000165777 5.41586e-06 8.07947 1.46034
850 0.000291737 0.000229778 0.000165777 5.41586e-06 8.07947 1.46034
851 0.000285605 0.00021029 0.000165777 5.41586e-06 8.07947 1.46034
852 0.000289746 0.000248175 0.000165777 5.41586e-06 8.07947 1.46034
853 0.00028678 0.00023159 0.000165777 5.41586e-06 8.07947 1.46034
854 0.000350058 0.000263536 0.000165777 5.41586e-06 8.07947 1.46034
855 0.000284687 0.00023659 0.000165777 5.41586e-06 8.07947 1.46034
856 0.000277798 0.000227777 0.000165777 5.41586e-06 8.07947 1.46034
857 0.000308511 0.000241209 0.000165777 5.41586e-06 8.07947 1.46034
858 0.000278843 0.000373887 0.000165777 5.41586e-06 8.07947 1.46034
859 0.000297728 0.000253533 0.000165777 5.41586e-06 8.07947 1.46034
860 0.000283226 0.000268344 0.000165777 5.41586e-06 8.07947 1.46034
861 0.000304665 0.000213328 0.000165777 5.41586e-06 8.07947 1.46034
862 0.000301597 0.00027956 0.000165777 5.41586e-06 8.07947 1.46034
863 0.000299392 0.000260378 0.000165777 5.41586e-06 8.07947 1.46034
864 0.000288734 0.000302886 0.000165777 5.41586e-06 8.07947 1.46034
865 0.000269574 0.000265857 0.000165777 5.41586e-06 8.07947 1.46034
866 0.000278116 0.00027291 0.000165777 5.41586e-06 8.07947 1.46034
867 0.000286488 0.000252422 0.000165777 5.41586e-06 8.07947 1.46034
868 0.000289213 0.000294785 0.000165777 5.41586e-06 8.07947 1.46034
869 0.000289674 0.000282083 0.000165777 5.41586e-06 8.07947 1.46034
870 0.000271258 0.000270187 0.000165777 5.41586e-06 8.07947 1.46034
871 0.000292162 0.000274871 0.000165777 5.41586e-06 8.07947 1.46034
872 0.000297856 0.000250068 0.000165777 5.41586e-06 8.07947 1.46034
873 0.000306762 0.000240174 0.000165777 5.41586e-06 8.07947 1.46034
874 0.000307045 0.00049396 0.000165777 5.41586e-06 8.07947 1.46034
875 0.000315331 0.000228112 0.000165777 5.41586e-06 8.07947 1.46034
876 0.000274589 0.000282729 0.000165777 5.41586e-06 8.07947 1.46034
877 0.000309612 0.000206399 0.000165777 5.41586e-06 8.07947 1.46034
878 0.000269801 0.000259456 0.000165777 5.41586e-06 8.07947 1.46034
879 0.000291088 0.000307438 0.000165777 5.41586e-06 8.07947 1.46034
880 0.000317657 0.000269649 0.000165777 5.41586e-06 8.07947 1.46034
881 0.000374582 0.000326661 0.000165777 5.41586e-06 8.07947 1.46034
882 0.000300001 0.000244065 0.000165777 5.41586e-06 8.07947 1.46034
883 0.000291293 0.000258169 0.000165777 5.41586e-06 8.07947 1.46034
884 0.000281039 0.000248483 0.000165777 5.41586e-06 8.07947 1.46034
885 0.00028067 0.000320979 0.000165777 5.41586e-06 8.07947 1.46034
886 0.000314813 0.000381834 0.000165777 5.41586e-06 8.07947 1.46034
887 0.000298057 0.000300561 0.000165777 5.41586e-06 8.07947 1.46034
888 0.0003203 0.000299443 0.000165777 5.41586e-06 8.07947 1.46034
889 0.000299578 0.000234111 0.000165777 5.41586e-06 8.07947 1.46034
890 0.000338139 0.000264115 0.000165777 5.41586e-06 8.07947 1.46034
891 0.000274119 0.000228564 0.000165777 5.41586e-06 8.07947 1.46034
892 0.00030617 0.000304136 0.000165777 5.41586e-06 8.07947 1.46034
893 0.000309822 0.000285054 0.000165777 5.41586e-06 8.07947 1.46034
894 0.000274014 0.00020308 0.000165777 5.41586e-06 8.07947 1.46034
895 0.000306563 0.000262076 0.000165777 5.41586e-06 8.07947 1.46034
896 0.000291965 0.000274094 0.000165777 5.41586e-06 8.07947 1.46034
897 0.000281341 0.000377349 0.000165777 5.41586e-06 8.07947 1.46034
898 0.000362735 0.000264539 0.000165777 5.41586e-06 8.07947 1.46034
899 0.000316947 0.000220606 0.000165777 5.41586e-06 8.07947 1.46034
900 0.000309875 0.000248875 0.000165777 5.41586e-06 8.07947 1.46034
901 0.00028373 0.000263992 0.000165777 5.41586e-06 8.07947 1.46034
902 0.000296719 0.000249873 0.000165777 5.41586e-06 8.07947 1.46034
903 0.000311146 0.000302445 0.000165777 5.41586e-06 8.07947 1.46034
904 0.000299111 0.000294033 0.000165777 5.41586e-06 8.07947 1.46034
905 0.000309129 0.000318898 0.000165777 5.41586e-06 8.07947 1.46034
