1 56.9947 1.18104 1.79769e+308 1.79769e+308 inf inf
2 0.689758 0.2596 1.79769e+308 1.79769e+308 inf inf
3 0.171468 0.123084 0.2596 0.00625943 319.722 49.6464
4 0.103647 0.077731 0.123084 0.00379058 220.151 38.6343
5 0.0630807 0.0506078 0.077731 0.00249612 174.951 31.3511
6 0.0456603 0.0306907 0.0506078 0.0015984 141.166 25.0878
7 0.0267354 0.0216023 0.0306907 0.00116825 109.932 21.4481
8 0.0178856 0.0105801 0.0216023 0.000889258 92.2297 18.7126
9 0.0170558 0.00857881 0.0105801 0.00068225 64.5455 16.3905
10 0.0169211 0.0159571 0.00857881 0.000551935 58.1211 14.7423
11 0.0137833 0.0106871 0.00857881 0.000551935 58.1211 14.7423
12 0.0108435 0.00624104 0.00857881 0.000551935 58.1211 14.7423
13 0.0171534 0.0623112 0.00624104 0.000308925 49.5734 11.0293
14 0.0184352 0.0314763 0.00624104 0.000308925 49.5734 11.0293
15 0.0261313 0.0199067 0.00624104 0.000308925 49.5734 11.0293
16 0.0166568 0.0383367 0.00624104 0.000308925 49.5734 11.0293
17 0.0164596 0.00945809 0.00624104 0.000308925 49.5734 11.0293
18 0.00935432 0.00393746 0.00624104 0.000308925 49.5734 11.0293
19 0.0165078 0.0973454 0.00393746 0.000139758 39.3757 7.41836
20 0.0315976 0.0900074 0.00393746 0.000139758 39.3757 7.41836
21 0.0200909 0.0111491 0.00393746 0.000139758 39.3757 7.41836
22 0.0192674 0.0193096 0.00393746 0.000139758 39.3757 7.41836
23 0.0125152 0.0072537 0.00393746 0.000139758 39.3757 7.41836
24 0.0144863 0.010504 0.00393746 0.000139758 39.3757 7.41836
25 0.0180514 0.0215783 0.00393746 0.000139758 39.3757 7.41836
26 0.0160093 0.00272754 0.00393746 0.000139758 39.3757 7.41836
27 0.0247365 0.0167478 0.00272754 6.48305e-05 32.7722 5.05254
28 0.0147739 0.178615 0.00272754 6.48305e-05 32.7722 5.05254
29 0.142719 0.00650588 0.00272754 6.48305e-05 32.7722 5.05254
30 0.0070368 0.00295186 0.00272754 6.48305e-05 32.7722 5.05254
31 0.00244489 0.00385999 0.00272754 6.48305e-05 32.7722 5.05254
32 0.0243133 0.143577 0.00272754 6.48305e-05 32.7722 5.05254
33 0.030688 0.0109121 0.00272754 6.48305e-05 32.7722 5.05254
34 0.0198065 0.207713 0.00272754 6.48305e-05 32.7722 5.05254
35 0.197892 0.0503823 0.00272754 6.48305e-05 32.7722 5.05254
36 0.0382292 0.00140599 0.00272754 6.48305e-05 32.7722 5.05254
37 0.00859527 0.0018827 0.00140599 3.46376e-05 23.5294 3.69313
38 0.00251464 0.00138048 0.00140599 3.46376e-05 23.5294 3.69313
39 0.0301222 0.00210454 0.00138048 3.11831e-05 23.315 3.50413
40 0.118579 0.00476144 0.00138048 3.11831e-05 23.315 3.50413
41 0.0352351 0.0589279 0.00138048 3.11831e-05 23.315 3.50413
42 0.0285958 0.000973619 0.00138048 3.11831e-05 23.315 3.50413
43 0.00244416 0.0084138 0.000973619 2.70072e-05 19.5801 3.26107
44 0.131571 0.0675671 0.000973619 2.70072e-05 19.5801 3.26107
45 0.0369592 0.0782435 0.000973619 2.70072e-05 19.5801 3.26107
46 0.104462 0.00937006 0.000973619 2.70072e-05 19.5801 3.26107
47 0.040042 0.0983977 0.000973619 2.70072e-05 19.5801 3.26107
48 0.0831533 0.0145513 0.000973619 2.70072e-05 19.5801 3.26107
49 0.161818 0.0925429 0.000973619 2.70072e-05 19.5801 3.26107
50 0.134306 0.0272812 0.000973619 2.70072e-05 19.5801 3.26107
51 0.0274202 0.0102028 0.000973619 2.70072e-05 19.5801 3.26107
52 0.00569243 0.00160313 0.000973619 2.70072e-05 19.5801 3.26107
53 0.00368738 0.000975385 0.000973619 2.70072e-05 19.5801 3.26107
54 0.0105808 0.00869991 0.000975385 1.99698e-05 19.5978 2.80419
55 0.00660551 0.023157 0.000975385 1.99698e-05 19.5978 2.80419
56 0.0571035 0.0887783 0.000975385 1.99698e-05 19.5978 2.80419
57 0.613116 0.0660884 0.000975385 1.99698e-05 19.5978 2.80419
58 0.0936634 0.0105049 0.000975385 1.99698e-05 19.5978 2.80419
59 0.00629795 0.00388165 0.000975385 1.99698e-05 19.5978 2.80419
60 0.00196286 0.00147756 0.000975385 1.99698e-05 19.5978 2.80419
61 0.0028973 0.00176349 0.000975385 1.99698e-05 19.5978 2.80419
62 0.00220677 0.00197641 0.000975385 1.99698e-05 19.5978 2.80419
63 0.0157957 0.110864 0.000975385 1.99698e-05 19.5978 2.80419
64 0.0292355 0.00108441 0.000975385 1.99698e-05 19.5978 2.80419
65 0.108016 1.63651 0.000975385 1.99698e-05 19.5978 2.80419
66 0.185244 0.0167509 0.000975385 1.99698e-05 19.5978 2.80419
67 0.0254537 0.00502253 0.000975385 1.99698e-05 19.5978 2.80419
68 0.00748259 0.000768426 0.000975385 1.99698e-05 19.5978 2.80419
69 0.0609855 0.061075 0.000768426 1.53243e-05 17.3949 2.45646
70 0.015244 0.0247056 0.000768426 1.53243e-05 17.3949 2.45646
71 0.369989 0.309375 0.000768426 1.53243e-05 17.3949 2.45646
72 0.0995845 0.00317169 0.000768426 1.53243e-05 17.3949 2.45646
73 0.00193381 0.00349562 0.000768426 1.53243e-05 17.3949 2.45646
74 0.00312154 0.00123048 0.000768426 1.53243e-05 17.3949 2.45646
75 0.00159299 0.000837135 0.000768426 1.53243e-05 17.3949 2.45646
76 0.00202904 0.0012894 0.000768426 1.53243e-05 17.3949 2.45646
77 0.00932173 0.0025903 0.000768426 1.53243e-05 17.3949 2.45646
78 0.0111369 0.225027 0.000768426 1.53243e-05 17.3949 2.45646
79 0.269635 0.206617 0.000768426 1.53243e-05 17.3949 2.45646
80 0.0172212 0.0018608 0.000768426 1.53243e-05 17.3949 2.45646
81 0.0114771 0.00304667 0.000768426 1.53243e-05 17.3949 2.45646
82 0.00430205 0.00259773 0.000768426 1.53243e-05 17.3949 2.45646
83 0.0499909 0.0566013 0.000768426 1.53243e-05 17.3949 2.45646
84 0.154536 0.0489194 0.000768426 1.53243e-05 17.3949 2.45646
85 0.0670035 0.00741825 0.000768426 1.53243e-05 17.3949 2.45646
86 0.00715902 0.00105501 0.000768426 1.53243e-05 17.3949 2.45646
87 0.0105018 0.00756572 0.000768426 1.53243e-05 17.3949 2.45646
88 0.129501 0.274686 0.000768426 1.53243e-05 17.3949 2.45646
89 0.0826626 0.00453508 0.000768426 1.53243e-05 17.3949 2.45646
90 0.0135333 0.0672611 0.000768426 1.53243e-05 17.3949 2.45646
91 0.0184576 0.0338943 0.000768426 1.53243e-05 17.3949 2.45646
92 0.18849 0.101777 0.000768426 1.53243e-05 17.3949 2.45646
93 0.0812517 0.0151089 0.000768426 1.53243e-05 17.3949 2.45646
94 0.00432507 0.00706584 0.000768426 1.53243e-05 17.3949 2.45646
95 0.0170001 0.14826 0.000768426 1.53243e-05 17.3949 2.45646
96 0.307099 0.0162503 0.000768426 1.53243e-05 17.3949 2.45646
97 0.0139445 0.00500836 0.000768426 1.53243e-05 17.3949 2.45646
98 0.0079956 0.000727808 0.000768426 1.53243e-05 17.3949 2.45646
99 0.00766465 0.0414007 0.000727808 1.17284e-05 16.9289 2.14901
100 0.00505716 0.00112705 0.000727808 1.17284e-05 16.9289 2.14901
101 0.00580071 0.0152148 0.000727808 1.17284e-05 16.9289 2.14901
102 0.6569 0.0843557 0.000727808 1.17284e-05 16.9289 2.14901
103 0.0509065 0.00989817 0.000727808 1.17284e-05 16.9289 2.14901
104 0.00181113 0.00129014 0.000727808 1.17284e-05 16.9289 2.14901
105 0.00158896 0.00194748 0.000727808 1.17284e-05 16.9289 2.14901
106 0.00114327 0.00147826 0.000727808 1.17284e-05 16.9289 2.14901
107 0.0009779 0.00046167 0.000727808 1.17284e-05 16.9289 2.14901
108 0.00333477 0.00578317 0.00046167 1.07884e-05 13.483 2.0611
109 0.00279272 0.000811128 0.00046167 1.07884e-05 13.483 2.0611
110 0.0027737 0.000728172 0.00046167 1.07884e-05 13.483 2.0611
111 0.0626138 0.111053 0.00046167 1.07884e-05 13.483 2.0611
112 0.035746 0.0117872 0.00046167 1.07884e-05 13.483 2.0611
113 0.0118495 0.0358771 0.00046167 1.07884e-05 13.483 2.0611
114 0.356825 0.0197459 0.00046167 1.07884e-05 13.483 2.0611
115 0.00442463 0.000373888 0.00046167 1.07884e-05 13.483 2.0611
116 0.00206276 0.00691435 0.000373888 1.06347e-05 12.1336 2.04637
117 0.00209689 0.00390303 0.000373888 1.06347e-05 12.1336 2.04637
118 0.00199764 0.000951849 0.000373888 1.06347e-05 12.1336 2.04637
119 0.0040639 0.00191174 0.000373888 1.06347e-05 12.1336 2.04637
120 0.0623809 0.960103 0.000373888 1.06347e-05 12.1336 2.04637
121 0.506219 0.404522 0.000373888 1.06347e-05 12.1336 2.04637
122 0.0582081 0.00261592 0.000373888 1.06347e-05 12.1336 2.04637
123 0.00109187 0.000971822 0.000373888 1.06347e-05 12.1336 2.04637
124 0.000711837 0.00040439 0.000373888 1.06347e-05 12.1336 2.04637
125 0.000569959 0.000385402 0.000373888 1.06347e-05 12.1336 2.04637
126 0.00126423 0.001619 0.000373888 1.06347e-05 12.1336 2.04637
127 0.000778832 0.000688966 0.000373888 1.06347e-05 12.1336 2.04637
128 0.000985697 0.00618597 0.000373888 1.06347e-05 12.1336 2.04637
129 0.00223874 0.00166542 0.000373888 1.06347e-05 12.1336 2.04637
130 0.0356429 0.138161 0.000373888 1.06347e-05 12.1336 2.04637
131 0.0444915 0.0249461 0.000373888 1.06347e-05 12.1336 2.04637
132 0.0234701 0.00283831 0.000373888 1.06347e-05 12.1336 2.04637
133 0.121051 0.00868761 0.000373888 1.06347e-05 12.1336 2.04637
134 0.0114193 0.00731857 0.000373888 1.06347e-05 12.1336 2.04637
135 0.00128033 0.00116531 0.000373888 1.06347e-05 12.1336 2.04637
136 0.031591 0.0017244 0.000373888 1.06347e-05 12.1336 2.04637
137 0.0236919 0.0240699 0.000373888 1.06347e-05 12.1336 2.04637
138 0.0143028 0.126009 0.000373888 1.06347e-05 12.1336 2.04637
139 0.324564 0.0114468 0.000373888 1.06347e-05 12.1336 2.04637
140 0.00393023 0.00101919 0.000373888 1.06347e-05 12.1336 2.04637
141 0.00171103 0.000392474 0.000373888 1.06347e-05 12.1336 2.04637
142 0.00174642 0.00033346 0.000373888 1.06347e-05 12.1336 2.04637
143 0.00645482 0.00170756 0.00033346 8.74138e-06 11.4589 1.85528
144 0.223352 0.0447029 0.00033346 8.74138e-06 11.4589 1.85528
145 0.0724583 0.00385913 0.00033346 8.74138e-06 11.4589 1.85528
146 0.00123539 0.000523284 0.00033346 8.74138e-06 11.4589 1.85528
147 0.000949279 0.00157541 0.00033346 8.74138e-06 11.4589 1.85528
148 0.0011534 0.000719113 0.00033346 8.74138e-06 11.4589 1.85528
149 0.00175346 0.00142844 0.00033346 8.74138e-06 11.4589 1.85528
150 0.0250747 0.0046403 0.00033346 8.74138e-06 11.4589 1.85528
151 0.00796472 0.00680021 0.00033346 8.74138e-06 11.4589 1.85528
152 0.20599 0.00581482 0.00033346 8.74138e-06 11.4589 1.85528
153 0.0622018 0.0313377 0.00033346 8.74138e-06 11.4589 1.85528
154 0.00677764 0.00317281 0.00033346 8.74138e-06 11.4589 1.85528
155 0.0040318 0.000423922 0.00033346 8.74138e-06 11.4589 1.85528
156 0.00366579 0.0193771 0.00033346 8.74138e-06 11.4589 1.85528
157 0.0326395 0.0341442 0.00033346 8.74138e-06 11.4589 1.85528
158 0.0152916 0.00262292 0.00033346 8.74138e-06 11.4589 1.85528
159 0.0124832 0.0102101 0.00033346 8.74138e-06 11.4589 1.85528
160 0.0649394 0.493033 0.00033346 8.74138e-06 11.4589 1.85528
161 0.125219 0.0012659 0.00033346 8.74138e-06 11.4589 1.85528
162 0.0028178 0.000401203 0.00033346 8.74138e-06 11.4589 1.85528
163 0.00140381 0.000799159 0.00033346 8.74138e-06 11.4589 1.85528
164 0.00308629 0.0179109 0.00033346 8.74138e-06 11.4589 1.85528
165 0.0804208 0.42854 0.00033346 8.74138e-06 11.4589 1.85528
166 0.200223 0.0142829 0.00033346 8.74138e-06 11.4589 1.85528
167 0.0187477 0.00047339 0.00033346 8.74138e-06 11.4589 1.85528
168 0.00115428 0.000648067 0.00033346 8.74138e-06 11.4589 1.85528
169 0.000751848 0.00138837 0.00033346 8.74138e-06 11.4589 1.85528
170 0.000991791 0.00589402 0.00033346 8.74138e-06 11.4589 1.85528
171 0.00157372 0.000237563 0.00033346 8.74138e-06 11.4589 1.85528
172 0.00329227 0.000588441 0.000237563 7.88755e-06 9.67185 1.76235
173 0.247316 0.17821 0.000237563 7.88755e-06 9.67185 1.76235
174 0.0696519 0.00246487 0.000237563 7.88755e-06 9.67185 1.76235
175 0.00247063 0.00362554 0.000237563 7.88755e-06 9.67185 1.76235
176 0.000662419 0.000613608 0.000237563 7.88755e-06 9.67185 1.76235
177 0.00145995 0.00158302 0.000237563 7.88755e-06 9.67185 1.76235
178 0.000945163 0.000439586 0.000237563 7.88755e-06 9.67185 1.76235
179 0.00218171 0.000488251 0.000237563 7.88755e-06 9.67185 1.76235
180 0.154625 0.0938422 0.000237563 7.88755e-06 9.67185 1.76235
181 0.0128055 0.00287189 0.000237563 7.88755e-06 9.67185 1.76235
182 0.00228178 0.00481981 0.000237563 7.88755e-06 9.67185 1.76235
183 0.00148679 0.00151259 0.000237563 7.88755e-06 9.67185 1.76235
184 0.0193897 0.011172 0.000237563 7.88755e-06 9.67185 1.76235
185 0.00944131 0.0141624 0.000237563 7.88755e-06 9.67185 1.76235
186 0.0729308 0.300873 0.000237563 7.88755e-06 9.67185 1.76235
187 0.0744844 0.000664648 0.000237563 7.88755e-06 9.67185 1.76235
188 0.0185014 0.000702407 0.000237563 7.88755e-06 9.67185 1.76235
189 0.00131589 0.00785585 0.000237563 7.88755e-06 9.67185 1.76235
190 0.00433009 0.0045201 0.000237563 7.88755e-06 9.67185 1.76235
191 0.0493248 0.00383348 0.000237563 7.88755e-06 9.67185 1.76235
192 0.0746856 0.00122544 0.000237563 7.88755e-06 9.67185 1.76235
193 0.00986346 0.000531956 0.000237563 7.88755e-06 9.67185 1.76235
194 0.00449395 0.000929307 0.000237563 7.88755e-06 9.67185 1.76235
195 0.027825 0.0164255 0.000237563 7.88755e-06 9.67185 1.76235
196 0.083508 0.0182348 0.000237563 7.88755e-06 9.67185 1.76235
197 0.00977408 0.000615067 0.000237563 7.88755e-06 9.67185 1.76235
198 0.0165394 0.0358942 0.000237563 7.88755e-06 9.67185 1.76235
199 0.00659964 0.013733 0.000237563 7.88755e-06 9.67185 1.76235
200 0.0206476 0.0159611 0.000237563 7.88755e-06 9.67185 1.76235
201 0.00631227 0.0587061 0.000237563 7.88755e-06 9.67185 1.76235
202 0.616222 0.0973334 0.000237563 7.88755e-06 9.67185 1.76235
203 0.031682 0.000551534 0.000237563 7.88755e-06 9.67185 1.76235
204 0.00100227 0.000319483 0.000237563 7.88755e-06 9.67185 1.76235
205 0.000628748 0.000280517 0.000237563 7.88755e-06 9.67185 1.76235
206 0.000802166 0.000429971 0.000237563 7.88755e-06 9.67185 1.76235
207 0.000782399 0.000361628 0.000237563 7.88755e-06 9.67185 1.76235
208 0.000548375 0.000555205 0.000237563 7.88755e-06 9.67185 1.76235
209 0.000716652 0.000987116 0.000237563 7.88755e-06 9.67185 1.76235
210 0.00126451 0.000590629 0.000237563 7.88755e-06 9.67185 1.76235
211 0.0017685 0.00295708 0.000237563 7.88755e-06 9.67185 1.76235
212 0.000842075 0.000563352 0.000237563 7.88755e-06 9.67185 1.76235
213 0.0014428 0.0002783 0.000237563 7.88755e-06 9.67185 1.76235
214 0.00528711 0.00403731 0.000237563 7.88755e-06 9.67185 1.76235
215 0.00610615 0.00724414 0.000237563 7.88755e-06 9.67185 1.76235
216 0.00434695 0.000340317 0.000237563 7.88755e-06 9.67185 1.76235
217 0.00368941 0.0430169 0.000237563 7.88755e-06 9.67185 1.76235
218 0.381132 0.0235041 0.000237563 7.88755e-06 9.67185 1.76235
219 0.0047434 0.000701801 0.000237563 7.88755e-06 9.67185 1.76235
220 0.00101248 0.000454504 0.000237563 7.88755e-06 9.67185 1.76235
221 0.0006758 0.000320655 0.000237563 7.88755e-06 9.67185 1.76235
222 0.000512108 0.000404676 0.000237563 7.88755e-06 9.67185 1.76235
223 0.000676667 0.000760886 0.000237563 7.88755e-06 9.67185 1.76235
224 0.000854455 0.00259695 0.000237563 7.88755e-06 9.67185 1.76235
225 0.00105159 0.000423174 0.000237563 7.88755e-06 9.67185 1.76235
226 0.00646852 0.0118077 0.000237563 7.88755e-06 9.67185 1.76235
227 0.00304868 0.00111785 0.000237563 7.88755e-06 9.67185 1.76235
228 0.00352986 0.0216958 0.000237563 7.88755e-06 9.67185 1.76235
229 0.00886811 0.0062417 0.000237563 7.88755e-06 9.67185 1.76235
230 0.0802474 0.00323694 0.000237563 7.88755e-06 9.67185 1.76235
231 0.0366868 0.00357069 0.000237563 7.88755e-06 9.67185 1.76235
232 0.00115638 0.00197411 0.000237563 7.88755e-06 9.67185 1.76235
233 0.0018911 0.00925185 0.000237563 7.88755e-06 9.67185 1.76235
234 0.0235262 0.26839 0.000237563 7.88755e-06 9.67185 1.76235
235 0.022888 0.000523333 0.000237563 7.88755e-06 9.67185 1.76235
236 0.0017791 0.0175225 0.000237563 7.88755e-06 9.67185 1.76235
237 0.0273608 0.00341515 0.000237563 7.88755e-06 9.67185 1.76235
238 0.0100405 0.000970124 0.000237563 7.88755e-06 9.67185 1.76235
239 0.0104346 0.0029784 0.000237563 7.88755e-06 9.67185 1.76235
240 0.137036 0.0138494 0.000237563 7.88755e-06 9.67185 1.76235
241 0.0309485 0.00043416 0.000237563 7.88755e-06 9.67185 1.76235
242 0.00315964 0.00208961 0.000237563 7.88755e-06 9.67185 1.76235
243 0.00210088 0.000730803 0.000237563 7.88755e-06 9.67185 1.76235
244 0.00229419 0.000600046 0.000237563 7.88755e-06 9.67185 1.76235
245 0.00418284 0.00216332 0.000237563 7.88755e-06 9.67185 1.76235
246 0.0453199 0.19763 0.000237563 7.88755e-06 9.67185 1.76235
247 0.0277721 0.00677854 0.000237563 7.88755e-06 9.67185 1.76235
248 0.0110987 0.00434792 0.000237563 7.88755e-06 9.67185 1.76235
249 0.0210571 0.00488953 0.000237563 7.88755e-06 9.67185 1.76235
250 0.00246191 0.000196549 0.000237563 7.88755e-06 9.67185 1.76235
251 0.0511224 0.00199991 0.000196549 6.43628e-06 8.79742 1.59198
252 0.0108236 0.000860996 0.000196549 6.43628e-06 8.79742 1.59198
253 0.00249467 0.010715 0.000196549 6.43628e-06 8.79742 1.59198
254 0.0760123 0.0109676 0.000196549 6.43628e-06 8.79742 1.59198
255 0.0159245 0.000195309 0.000196549 6.43628e-06 8.79742 1.59198
256 0.00209523 0.00125697 0.000195309 6.65799e-06 8.76963 1.61917
257 0.00502063 0.0196769 0.000195309 6.65799e-06 8.76963 1.61917
258 0.010256 0.00362594 0.000195309 6.65799e-06 8.76963 1.61917
259 0.0366521 0.00129988 0.000195309 6.65799e-06 8.76963 1.61917
260 0.00869949 0.0883564 0.000195309 6.65799e-06 8.76963 1.61917
261 0.0552631 0.00230479 0.000195309 6.65799e-06 8.76963 1.61917
262 0.0243443 0.0120309 0.000195309 6.65799e-06 8.76963 1.61917
263 0.00337686 0.00428252 0.000195309 6.65799e-06 8.76963 1.61917
264 0.0330144 0.165011 0.000195309 6.65799e-06 8.76963 1.61917
265 0.0332039 0.00170332 0.000195309 6.65799e-06 8.76963 1.61917
266 0.000918502 0.00103029 0.000195309 6.65799e-06 8.76963 1.61917
267 0.00215242 0.00226798 0.000195309 6.65799e-06 8.76963 1.61917
268 0.0221911 0.00303595 0.000195309 6.65799e-06 8.76963 1.61917
269 0.0305936 0.00549287 0.000195309 6.65799e-06 8.76963 1.61917
270 0.0107374 0.000525339 0.000195309 6.65799e-06 8.76963 1.61917
271 0.0177226 0.00463772 0.000195309 6.65799e-06 8.76963 1.61917
272 0.101614 0.0792748 0.000195309 6.65799e-06 8.76963 1.61917
273 0.0147655 0.00212774 0.000195309 6.65799e-06 8.76963 1.61917
274 0.00166412 0.00142874 0.000195309 6.65799e-06 8.76963 1.61917
275 0.00308053 0.00139482 0.000195309 6.65799e-06 8.76963 1.61917
276 0.0124033 0.00562308 0.000195309 6.65799e-06 8.76963 1.61917
277 0.055445 0.0215516 0.000195309 6.65799e-06 8.76963 1.61917
278 0.00410315 0.00166681 0.000195309 6.65799e-06 8.76963 1.61917
279 0.00334075 0.000401496 0.000195309 6.65799e-06 8.76963 1.61917
280 0.00421741 0.0274414 0.000195309 6.65799e-06 8.76963 1.61917
281 0.0113784 0.301823 0.000195309 6.65799e-06 8.76963 1.61917
282 0.103676 0.0177297 0.000195309 6.65799e-06 8.76963 1.61917
283 0.0033284 0.000378429 0.000195309 6.65799e-06 8.76963 1.61917
284 0.00110625 0.000339108 0.000195309 6.65799e-06 8.76963 1.61917
285 0.00101976 0.00430083 0.000195309 6.65799e-06 8.76963 1.61917
286 0.00775184 0.00756181 0.000195309 6.65799e-06 8.76963 1.61917
287 0.00257095 0.00690993 0.000195309 6.65799e-06 8.76963 1.61917
288 0.0207283 0.0264292 0.000195309 6.65799e-06 8.76963 1.61917
289 0.0260889 0.00150313 0.000195309 6.65799e-06 8.76963 1.61917
290 0.00203234 0.00399009 0.000195309 6.65799e-06 8.76963 1.61917
291 0.0276617 0.00822655 0.000195309 6.65799e-06 8.76963 1.61917
292 0.00842198 0.00622251 0.000195309 6.65799e-06 8.76963 1.61917
293 0.00362661 0.0266159 0.000195309 6.65799e-06 8.76963 1.61917
294 0.155205 0.000678457 0.000195309 6.65799e-06 8.76963 1.61917
295 0.00432548 0.035537 0.000195309 6.65799e-06 8.76963 1.61917
296 0.0130914 0.0547265 0.000195309 6.65799e-06 8.76963 1.61917
297 0.0080437 0.00111286 0.000195309 6.65799e-06 8.76963 1.61917
298 0.00329262 0.000308222 0.000195309 6.65799e-06 8.76963 1.61917
299 0.00363474 0.0222005 0.000195309 6.65799e-06 8.76963 1.61917
300 0.0205722 0.00224781 0.000195309 6.65799e-06 8.76963 1.61917
301 0.00336702 0.00299516 0.000195309 6.65799e-06 8.76963 1.61917
302 0.00140157 0.000688471 0.000195309 6.65799e-06 8.76963 1.61917
303 0.0553866 0.0631705 0.000195309 6.65799e-06 8.76963 1.61917
304 0.0108934 0.015059 0.000195309 6.65799e-06 8.76963 1.61917
305 0.0205147 0.00528242 0.000195309 6.65799e-06 8.76963 1.61917
306 0.00474576 0.00253473 0.000195309 6.65799e-06 8.76963 1.61917
307 0.0011336 0.000386058 0.000195309 6.65799e-06 8.76963 1.61917
308 0.0334849 0.00948903 0.000195309 6.65799e-06 8.76963 1.61917
309 0.00965147 0.000206057 0.000195309 6.65799e-06 8.76963 1.61917
310 0.0052319 0.0376933 0.000195309 6.65799e-06 8.76963 1.61917
311 0.0292704 0.010195 0.000195309 6.65799e-06 8.76963 1.61917
312 0.0273585 0.0026442 0.000195309 6.65799e-06 8.76963 1.61917
313 0.0154639 0.00107619 0.000195309 6.65799e-06 8.76963 1.61917
314 0.00913798 0.00499098 0.000195309 6.65799e-06 8.76963 1.61917
315 0.00110916 0.008848 0.000195309 6.65799e-06 8.76963 1.61917
316 0.0644874 0.015869 0.000195309 6.65799e-06 8.76963 1.61917
317 0.0472685 0.0052856 0.000195309 6.65799e-06 8.76963 1.61917
318 0.00256762 0.00272818 0.000195309 6.65799e-06 8.76963 1.61917
319 0.00401403 0.00287243 0.000195309 6.65799e-06 8.76963 1.61917
320 0.00151482 0.000390684 0.000195309 6.65799e-06 8.76963 1.61917
321 0.00111716 0.00367976 0.000195309 6.65799e-06 8.76963 1.61917
322 0.0467849 0.00350276 0.000195309 6.65799e-06 8.76963 1.61917
323 0.0107479 0.00711772 0.000195309 6.65799e-06 8.76963 1.61917
324 0.0142417 0.000765668 0.000195309 6.65799e-06 8.76963 1.61917
325 0.00608819 0.0423517 0.000195309 6.65799e-06 8.76963 1.61917
326 0.0190609 0.000426529 0.000195309 6.65799e-06 8.76963 1.61917
327 0.00442674 0.00267294 0.000195309 6.65799e-06 8.76963 1.61917
328 0.00372706 0.000939528 0.000195309 6.65799e-06 8.76963 1.61917
329 0.0240361 0.0056237 0.000195309 6.65799e-06 8.76963 1.61917
330 0.0118067 0.000729179 0.000195309 6.65799e-06 8.76963 1.61917
331 0.00257577 0.00181303 0.000195309 6.65799e-06 8.76963 1.61917
332 0.0935998 0.00633706 0.000195309 6.65799e-06 8.76963 1.61917
333 0.00147974 0.000470563 0.000195309 6.65799e-06 8.76963 1.61917
334 0.00782848 0.00103015 0.000195309 6.65799e-06 8.76963 1.61917
335 0.0409153 0.00961749 0.000195309 6.65799e-06 8.76963 1.61917
336 0.0069571 0.0192712 0.000195309 6.65799e-06 8.76963 1.61917
337 0.00861146 0.000568466 0.000195309 6.65799e-06 8.76963 1.61917
338 0.0010196 0.00214129 0.000195309 6.65799e-06 8.76963 1.61917
339 0.0072388 0.00106207 0.000195309 6.65799e-06 8.76963 1.61917
340 0.0165265 0.0131463 0.000195309 6.65799e-06 8.76963 1.61917
341 0.00647442 0.00220861 0.000195309 6.65799e-06 8.76963 1.61917
342 0.00471469 0.0220739 0.000195309 6.65799e-06 8.76963 1.61917
343 0.0346386 0.0471084 0.000195309 6.65799e-06 8.76963 1.61917
344 0.065874 0.00784711 0.000195309 6.65799e-06 8.76963 1.61917
345 0.00809451 0.00314462 0.000195309 6.65799e-06 8.76963 1.61917
346 0.00223728 0.000363727 0.000195309 6.65799e-06 8.76963 1.61917
347 0.00209605 0.000382581 0.000195309 6.65799e-06 8.76963 1.61917
348 0.00198938 0.000561518 0.000195309 6.65799e-06 8.76963 1.61917
349 0.00150558 0.00102867 0.000195309 6.65799e-06 8.76963 1.61917
350 0.0142197 0.00264392 0.000195309 6.65799e-06 8.76963 1.61917
351 0.00347538 0.00228857 0.000195309 6.65799e-06 8.76963 1.61917
352 0.0130382 0.0470991 0.000195309 6.65799e-06 8.76963 1.61917
353 0.112236 0.10164 0.000195309 6.65799e-06 8.76963 1.61917
354 0.0353749 0.00140612 0.000195309 6.65799e-06 8.76963 1.61917
355 0.00144432 0.000783131 0.000195309 6.65799e-06 8.76963 1.61917
356 0.000349757 0.000259829 0.000195309 6.65799e-06 8.76963 1.61917
357 0.000388246 0.000347807 0.000195309 6.65799e-06 8.76963 1.61917
358 0.000321473 0.00029446 0.000195309 6.65799e-06 8.76963 1.61917
359 0.000365432 0.000474466 0.000195309 6.65799e-06 8.76963 1.61917
360 0.000417738 0.000308012 0.000195309 6.65799e-06 8.76963 1.61917
361 0.00031969 0.000539088 0.000195309 6.65799e-06 8.76963 1.61917
362 0.000527401 0.000332692 0.000195309 6.65799e-06 8.76963 1.61917
363 0.000348642 0.000402212 0.000195309 6.65799e-06 8.76963 1.61917
364 0.00040915 0.00044197 0.000195309 6.65799e-06 8.76963 1.61917
365 0.000584885 0.000232981 0.000195309 6.65799e-06 8.76963 1.61917
366 0.000415461 0.000474916 0.000195309 6.65799e-06 8.76963 1.61917
367 0.000408257 0.000245991 0.000195309 6.65799e-06 8.76963 1.61917
368 0.000386853 0.000410576 0.000195309 6.65799e-06 8.76963 1.61917
369 0.000342353 0.000326148 0.000195309 6.65799e-06 8.76963 1.61917
370 0.000369646 0.000338183 0.000195309 6.65799e-06 8.76963 1.61917
371 0.000338685 0.000469789 0.000195309 6.65799e-06 8.76963 1.61917
372 0.00040321 0.000369972 0.000195309 6.65799e-06 8.76963 1.61917
373 0.000387648 0.000833176 0.000195309 6.65799e-06 8.76963 1.61917
374 0.000966205 0.000362216 0.000195309 6.65799e-06 8.76963 1.61917
375 0.000619012 0.000388577 0.000195309 6.65799e-06 8.76963 1.61917
376 0.000485038 0.000375998 0.000195309 6.65799e-06 8.76963 1.61917
377 0.000481155 0.000442747 0.000195309 6.65799e-06 8.76963 1.61917
378 0.000537735 0.000222326 0.000195309 6.65799e-06 8.76963 1.61917
379 0.000362123 0.000290725 0.000195309 6.65799e-06 8.76963 1.61917
380 0.000459965 0.000760745 0.000195309 6.65799e-06 8.76963 1.61917
381 0.000500973 0.000166462 0.000195309 6.65799e-06 8.76963 1.61917
382 0.000442587 0.000219721 0.000166462 5.36338e-06 8.09614 1.45325
383 0.00141884 0.00292919 0.000166462 5.36338e-06 8.09614 1.45325
384 0.00115831 0.000939815 0.000166462 5.36338e-06 8.09614 1.45325
385 0.000430855 0.000625634 0.000166462 5.36338e-06 8.09614 1.45325
386 0.000768209 0.000418062 0.000166462 5.36338e-06 8.09614 1.45325
387 0.00170068 0.00072694 0.000166462 5.36338e-06 8.09614 1.45325
388 0.00105551 0.000297004 0.000166462 5.36338e-06 8.09614 1.45325
389 0.00170767 0.00305034 0.000166462 5.36338e-06 8.09614 1.45325
390 0.0146047 0.0120877 0.000166462 5.36338e-06 8.09614 1.45325
391 0.00806843 0.00142604 0.000166462 5.36338e-06 8.09614 1.45325
392 0.00116776 0.00566791 0.000166462 5.36338e-06 8.09614 1.45325
393 0.00176912 0.000741758 0.000166462 5.36338e-06 8.09614 1.45325
394 0.00313731 0.000498546 0.000166462 5.36338e-06 8.09614 1.45325
395 0.0042539 0.000585967 0.000166462 5.36338e-06 8.09614 1.45325
396 0.00386918 0.00121839 0.000166462 5.36338e-06 8.09614 1.45325
397 0.00308482 0.00112504 0.000166462 5.36338e-06 8.09614 1.45325
398 0.00174049 0.0010732 0.000166462 5.36338e-06 8.09614 1.45325
399 0.00394908 0.000392827 0.000166462 5.36338e-06 8.09614 1.45325
400 0.00135322 0.000996917 0.000166462 5.36338e-06 8.09614 1.45325
401 0.00165339 0.00896534 0.000166462 5.36338e-06 8.09614 1.45325
402 0.00882469 0.0566303 0.000166462 5.36338e-06 8.09614 1.45325
403 0.00978737 0.000666427 0.000166462 5.36338e-06 8.09614 1.45325
404 0.000823152 0.000882271 0.000166462 5.36338e-06 8.09614 1.45325
405 0.00274253 0.0526379 0.000166462 5.36338e-06 8.09614 1.45325
406 0.0402128 0.02643 0.000166462 5.36338e-06 8.09614 1.45325
407 0.00480572 0.000395772 0.000166462 5.36338e-06 8.09614 1.45325
408 0.00089739 0.000224267 0.000166462 5.36338e-06 8.09614 1.45325
409 0.000665526 0.0003356 0.000166462 5.36338e-06 8.09614 1.45325
410 0.00355068 0.00319636 0.000166462 5.36338e-06 8.09614 1.45325
411 0.0138983 0.000409836 0.000166462 5.36338e-06 8.09614 1.45325
412 0.00319444 0.000269083 0.000166462 5.36338e-06 8.09614 1.45325
413 0.000747286 0.000561128 0.000166462 5.36338e-06 8.09614 1.45325
414 0.000451594 0.000245643 0.000166462 5.36338e-06 8.09614 1.45325
415 0.000549268 0.00178075 0.000166462 5.36338e-06 8.09614 1.45325
416 0.00270588 0.00323245 0.000166462 5.36338e-06 8.09614 1.45325
417 0.00123292 0.000779578 0.000166462 5.36338e-06 8.09614 1.45325
418 0.00191091 0.000645292 0.000166462 5.36338e-06 8.09614 1.45325
419 0.00413779 0.0197863 0.000166462 5.36338e-06 8.09614 1.45325
420 0.00631921 0.000299268 0.000166462 5.36338e-06 8.09614 1.45325
421 0.000477265 0.000239071 0.000166462 5.36338e-06 8.09614 1.45325
422 0.00782 0.00160819 0.000166462 5.36338e-06 8.09614 1.45325
423 0.00635333 0.00118373 0.000166462 5.36338e-06 8.09614 1.45325
424 0.000725933 0.00103996 0.000166462 5.36338e-06 8.09614 1.45325
425 0.0021101 0.00118243 0.000166462 5.36338e-06 8.09614 1.45325
426 0.00192109 0.000482934 0.000166462 5.36338e-06 8.09614 1.45325
427 0.00303116 0.00159304 0.000166462 5.36338e-06 8.09614 1.45325
428 0.0042041 0.000412047 0.000166462 5.36338e-06 8.09614 1.45325
429 0.0161822 0.00172977 0.000166462 5.36338e-06 8.09614 1.45325
430 0.00128549 0.00052534 0.000166462 5.36338e-06 8.09614 1.45325
431 0.00144999 0.000789733 0.000166462 5.36338e-06 8.09614 1.45325
432 0.000863837 0.00059273 0.000166462 5.36338e-06 8.09614 1.45325
433 0.00873513 0.00382048 0.000166462 5.36338e-06 8.09614 1.45325
434 0.00273766 0.000158385 0.000166462 5.36338e-06 8.09614 1.45325
435 0.000649124 0.00351667 0.000158385 5.28379e-06 7.89728 1.44243
436 0.00124087 0.000733797 0.000158385 5.28379e-06 7.89728 1.44243
437 0.0111345 0.0107401 0.000158385 5.28379e-06 7.89728 1.44243
438 0.00643159 0.000749562 0.000158385 5.28379e-06 7.89728 1.44243
439 0.00355533 0.00685944 0.000158385 5.28379e-06 7.89728 1.44243
440 0.00198456 0.00204759 0.000158385 5.28379e-06 7.89728 1.44243
441 0.00159148 0.000424848 0.000158385 5.28379e-06 7.89728 1.44243
442 0.00859966 0.00451055 0.000158385 5.28379e-06 7.89728 1.44243
443 0.00371277 0.00082663 0.000158385 5.28379e-06 7.89728 1.44243
444 0.00120423 0.000437434 0.000158385 5.28379e-06 7.89728 1.44243
445 0.00419608 0.0281159 0.000158385 5.28379e-06 7.89728 1.44243
446 0.00448732 0.00179791 0.000158385 5.28379e-06 7.89728 1.44243
447 0.0139279 0.00749854 0.000158385 5.28379e-06 7.89728 1.44243
448 0.00196928 0.00455992 0.000158385 5.28379e-06 7.89728 1.44243
449 0.0111914 0.000174456 0.000158385 5.28379e-06 7.89728 1.44243
450 0.00604969 0.00129549 0.000158385 5.28379e-06 7.89728 1.44243
451 0.00182733 0.00285276 0.000158385 5.28379e-06 7.89728 1.44243
452 0.000848984 0.000836513 0.000158385 5.28379e-06 7.89728 1.44243
453 0.00757302 0.0053304 0.000158385 5.28379e-06 7.89728 1.44243
454 0.00613849 0.00461025 0.000158385 5.28379e-06 7.89728 1.44243
455 0.00224426 0.00361613 0.000158385 5.28379e-06 7.89728 1.44243
456 0.00109685 0.000426719 0.000158385 5.28379e-06 7.89728 1.44243
457 0.000722049 0.0066698 0.000158385 5.28379e-06 7.89728 1.44243
458 0.00703729 0.000544367 0.000158385 5.28379e-06 7.89728 1.44243
459 0.00139163 0.000619711 0.000158385 5.28379e-06 7.89728 1.44243
460 0.0018885 0.000295058 0.000158385 5.28379e-06 7.89728 1.44243
461 0.00187638 0.00057435 0.000158385 5.28379e-06 7.89728 1.44243
462 0.0100683 0.00126758 0.000158385 5.28379e-06 7.89728 1.44243
463 0.00285987 0.00473546 0.000158385 5.28379e-06 7.89728 1.44243
464 0.00107406 0.00115553 0.000158385 5.28379e-06 7.89728 1.44243
465 0.00752481 0.00329397 0.000158385 5.28379e-06 7.89728 1.44243
466 0.00506118 0.000312983 0.000158385 5.28379e-06 7.89728 1.44243
467 0.00255628 0.000453858 0.000158385 5.28379e-06 7.89728 1.44243
468 0.00139287 0.000437473 0.000158385 5.28379e-06 7.89728 1.44243
469 0.00447397 0.000160193 0.000158385 5.28379e-06 7.89728 1.44243
470 0.00116528 0.00104731 0.000158385 5.28379e-06 7.89728 1.44243
471 0.0373997 0.00329109 0.000158385 5.28379e-06 7.89728 1.44243
472 0.00136264 0.0016871 0.000158385 5.28379e-06 7.89728 1.44243
473 0.00317605 0.0283258 0.000158385 5.28379e-06 7.89728 1.44243
474 0.00717173 0.00105016 0.000158385 5.28379e-06 7.89728 1.44243
475 0.00170155 0.00103817 0.000158385 5.28379e-06 7.89728 1.44243
476 0.001067 0.000503457 0.000158385 5.28379e-06 7.89728 1.44243
477 0.00125542 0.000346678 0.000158385 5.28379e-06 7.89728 1.44243
478 0.00131283 0.00248149 0.000158385 5.28379e-06 7.89728 1.44243
479 0.00102889 0.00194869 0.000158385 5.28379e-06 7.89728 1.44243
480 0.00222348 0.00158524 0.000158385 5.28379e-06 7.89728 1.44243
481 0.0144556 0.00341629 0.000158385 5.28379e-06 7.89728 1.44243
482 0.00126193 0.000254096 0.000158385 5.28379e-06 7.89728 1.44243
483 0.00121383 0.000329557 0.000158385 5.28379e-06 7.89728 1.44243
484 0.00100092 0.0108284 0.000158385 5.28379e-06 7.89728 1.44243
485 0.00218079 0.00150431 0.000158385 5.28379e-06 7.89728 1.44243
486 0.00232098 0.0081006 0.000158385 5.28379e-06 7.89728 1.44243
487 0.004588 0.000240316 0.000158385 5.28379e-06 7.89728 1.44243
488 0.00347231 0.00024882 0.000158385 5.28379e-06 7.89728 1.44243
489 0.00149039 0.000650204 0.000158385 5.28379e-06 7.89728 1.44243
490 0.00121039 0.00131444 0.000158385 5.28379e-06 7.89728 1.44243
491 0.0109932 0.0184217 0.000158385 5.28379e-06 7.89728 1.44243
492 0.0150189 0.000997664 0.000158385 5.28379e-06 7.89728 1.44243
493 0.00199321 0.00177124 0.000158385 5.28379e-06 7.89728 1.44243
494 0.000957332 0.000410783 0.000158385 5.28379e-06 7.89728 1.44243
495 0.00145658 0.000500675 0.000158385 5.28379e-06 7.89728 1.44243
496 0.00390339 0.00199639 0.000158385 5.28379e-06 7.89728 1.44243
497 0.00870823 0.0230432 0.000158385 5.28379e-06 7.89728 1.44243
498 0.00658981 0.000519972 0.000158385 5.28379e-06 7.89728 1.44243
499 0.00128272 0.000394836 0.000158385 5.28379e-06 7.89728 1.44243
500 0.0060417 0.00105246 0.000158385 5.28379e-06 7.89728 1.44243
501 0.00180284 0.00306445 0.000158385 5.28379e-06 7.89728 1.44243
502 0.000784364 0.00160463 0.000158385 5.28379e-06 7.89728 1.44243
503 0.00171326 0.00128047 0.000158385 5.28379e-06 7.89728 1.44243
504 0.00414822 0.00872215 0.000158385 5.28379e-06 7.89728 1.44243
505 0.0040804 0.000618721 0.000158385 5.28379e-06 7.89728 1.44243
506 0.0102501 0.00763897 0.000158385 5.28379e-06 7.89728 1.44243
507 0.0124928 0.00375613 0.000158385 5.28379e-06 7.89728 1.44243
508 0.00201962 0.000438094 0.000158385 5.28379e-06 7.89728 1.44243
509 0.00366877 0.00923071 0.000158385 5.28379e-06 7.89728 1.44243
510 0.00687107 0.0481236 0.000158385 5.28379e-06 7.89728 1.44243
511 0.00503631 0.000337548 0.000158385 5.28379e-06 7.89728 1.44243
512 0.00106499 0.00244574 0.000158385 5.28379e-06 7.89728 1.44243
513 0.00141518 0.00548841 0.000158385 5.28379e-06 7.89728 1.44243
514 0.00237276 0.000956795 0.000158385 5.28379e-06 7.89728 1.44243
515 0.000864634 0.000507299 0.000158385 5.28379e-06 7.89728 1.44243
516 0.0061172 0.00333046 0.000158385 5.28379e-06 7.89728 1.44243
517 0.00698966 0.000948989 0.000158385 5.28379e-06 7.89728 1.44243
518 0.0013118 0.00386285 0.000158385 5.28379e-06 7.89728 1.44243
519 0.00312652 0.000612592 0.000158385 5.28379e-06 7.89728 1.44243
520 0.000961194 0.000993987 0.000158385 5.28379e-06 7.89728 1.44243
521 0.00196179 0.000723389 0.000158385 5.28379e-06 7.89728 1.44243
522 0.00340553 0.000656731 0.000158385 5.28379e-06 7.89728 1.44243
523 0.0177706 0.00468717 0.000158385 5.28379e-06 7.89728 1.44243
524 0.00132447 0.000364445 0.000158385 5.28379e-06 7.89728 1.44243
525 0.00123033 0.00269331 0.000158385 5.28379e-06 7.89728 1.44243
526 0.00104446 0.000596496 0.000158385 5.28379e-06 7.89728 1.44243
527 0.00349581 0.0118675 0.000158385 5.28379e-06 7.89728 1.44243
528 0.00634329 0.00074276 0.000158385 5.28379e-06 7.89728 1.44243
529 0.0042803 0.00756319 0.000158385 5.28379e-06 7.89728 1.44243
530 0.00445943 0.00159284 0.000158385 5.28379e-06 7.89728 1.44243
531 0.00368094 0.00046215 0.000158385 5.28379e-06 7.89728 1.44243
532 0.00540065 0.000622466 0.000158385 5.28379e-06 7.89728 1.44243
533 0.00341137 0.00460415 0.000158385 5.28379e-06 7.89728 1.44243
534 0.00324565 0.00322792 0.000158385 5.28379e-06 7.89728 1.44243
535 0.000632111 0.000193907 0.000158385 5.28379e-06 7.89728 1.44243
536 0.000328192 0.000308268 0.000158385 5.28379e-06 7.89728 1.44243
537 0.0003071 0.000201752 0.000158385 5.28379e-06 7.89728 1.44243
538 0.000338754 0.000238689 0.000158385 5.28379e-06 7.89728 1.44243
539 0.000296789 0.00035349 0.000158385 5.28379e-06 7.89728 1.44243
540 0.000357925 0.000264149 0.000158385 5.28379e-06 7.89728 1.44243
541 0.000330986 0.000254968 0.000158385 5.28379e-06 7.89728 1.44243
542 0.000401589 0.000697895 0.000158385 5.28379e-06 7.89728 1.44243
543 0.000349938 0.000251701 0.000158385 5.28379e-06 7.89728 1.44243
544 0.000402047 0.000389919 0.000158385 5.28379e-06 7.89728 1.44243
545 0.000486447 0.00072576 0.000158385 5.28379e-06 7.89728 1.44243
546 0.000388743 0.000191685 0.000158385 5.28379e-06 7.89728 1.44243
547 0.000295821 0.000217073 0.000158385 5.28379e-06 7.89728 1.44243
548 0.000420733 0.000253863 0.000158385 5.28379e-06 7.89728 1.44243
549 0.000787447 0.000447852 0.000158385 5.28379e-06 7.89728 1.44243
550 0.000406172 0.000279369 0.000158385 5.28379e-06 7.89728 1.44243
551 0.000353202 0.00025425 0.000158385 5.28379e-06 7.89728 1.44243
552 0.000423188 0.000544238 0.000158385 5.28379e-06 7.89728 1.44243
553 0.000499658 0.000229197 0.000158385 5.28379e-06 7.89728 1.44243
554 0.000477965 0.000374732 0.000158385 5.28379e-06 7.89728 1.44243
555 0.000316585 0.000297746 0.000158385 5.28379e-06 7.89728 1.44243
556 0.000452215 0.000392188 0.000158385 5.28379e-06 7.89728 1.44243
557 0.000532137 0.000268061 0.000158385 5.28379e-06 7.89728 1.44243
558 0.0004685 0.000249268 0.000158385 5.28379e-06 7.89728 1.44243
559 0.000636497 0.000951404 0.000158385 5.28379e-06 7.89728 1.44243
560 0.000835197 0.000788001 0.000158385 5.28379e-06 7.89728 1.44243
561 0.000439518 0.000309481 0.000158385 5.28379e-06 7.89728 1.44243
562 0.00100613 0.000284615 0.000158385 5.28379e-06 7.89728 1.44243
563 0.000565569 0.000382219 0.000158385 5.28379e-06 7.89728 1.44243
564 0.00155977 0.000549287 0.000158385 5.28379e-06 7.89728 1.44243
565 0.00044264 0.000298472 0.000158385 5.28379e-06 7.89728 1.44243
566 0.000849805 0.000378521 0.000158385 5.28379e-06 7.89728 1.44243
567 0.000696544 0.000862179 0.000158385 5.28379e-06 7.89728 1.44243
568 0.00105318 0.00385367 0.000158385 5.28379e-06 7.89728 1.44243
569 0.00148439 0.000158087 0.000158385 5.28379e-06 7.89728 1.44243
570 0.000481845 0.00132978 0.000158087 4.91509e-06 7.88983 1.39119
571 0.000693487 0.000395899 0.000158087 4.91509e-06 7.88983 1.39119
572 0.00222666 0.000237573 0.000158087 4.91509e-06 7.88983 1.39119
573 0.000800594 0.000207625 0.000158087 4.91509e-06 7.88983 1.39119
574 0.000347615 0.000772176 0.000158087 4.91509e-06 7.88983 1.39119
575 0.00149774 0.000204917 0.000158087 4.91509e-06 7.88983 1.39119
576 0.000683442 0.000943901 0.000158087 4.91509e-06 7.88983 1.39119
577 0.000704333 0.000165455 0.000158087 4.91509e-06 7.88983 1.39119
578 0.00094427 0.000571633 0.000158087 4.91509e-06 7.88983 1.39119
579 0.00281931 0.0181776 0.000158087 4.91509e-06 7.88983 1.39119
580 0.00217641 0.0012732 0.000158087 4.91509e-06 7.88983 1.39119
581 0.00104879 0.00153512 0.000158087 4.91509e-06 7.88983 1.39119
582 0.00185218 0.000197763 0.000158087 4.91509e-06 7.88983 1.39119
583 0.000672718 0.00072125 0.000158087 4.91509e-06 7.88983 1.39119
584 0.00156668 0.000638376 0.000158087 4.91509e-06 7.88983 1.39119
585 0.00095161 0.000306416 0.000158087 4.91509e-06 7.88983 1.39119
586 0.000524826 0.000765493 0.000158087 4.91509e-06 7.88983 1.39119
587 0.000977249 0.000623332 0.000158087 4.91509e-06 7.88983 1.39119
588 0.000582888 0.00016722 0.000158087 4.91509e-06 7.88983 1.39119
589 0.00440921 0.00723985 0.000158087 4.91509e-06 7.88983 1.39119
590 0.00368518 0.000670811 0.000158087 4.91509e-06 7.88983 1.39119
591 0.0010547 0.00132474 0.000158087 4.91509e-06 7.88983 1.39119
592 0.000561845 0.000334348 0.000158087 4.91509e-06 7.88983 1.39119
593 0.00112424 0.000448701 0.000158087 4.91509e-06 7.88983 1.39119
594 0.00141269 0.000980191 0.000158087 4.91509e-06 7.88983 1.39119
595 0.000652497 0.000663767 0.000158087 4.91509e-06 7.88983 1.39119
596 0.000811107 0.000206633 0.000158087 4.91509e-06 7.88983 1.39119
597 0.001546 0.00022445 0.000158087 4.91509e-06 7.88983 1.39119
598 0.000987393 0.00395045 0.000158087 4.91509e-06 7.88983 1.39119
599 0.00246382 0.00107144 0.000158087 4.91509e-06 7.88983 1.39119
600 0.000722534 0.0019185 0.000158087 4.91509e-06 7.88983 1.39119
601 0.00253495 0.000574005 0.000158087 4.91509e-06 7.88983 1.39119
602 0.000846068 0.00395573 0.000158087 4.91509e-06 7.88983 1.39119
603 0.000782202 0.000209823 0.000158087 4.91509e-06 7.88983 1.39119
604 0.000703643 0.000536693 0.000158087 4.91509e-06 7.88983 1.39119
605 0.000654146 0.00138491 0.000158087 4.91509e-06 7.88983 1.39119
606 0.000962928 0.0024231 0.000158087 4.91509e-06 7.88983 1.39119
607 0.00100391 0.000566407 0.000158087 4.91509e-06 7.88983 1.39119
608 0.00127601 0.00920886 0.000158087 4.91509e-06 7.88983 1.39119
609 0.00145119 0.00122009 0.000158087 4.91509e-06 7.88983 1.39119
610 0.00475251 0.0161859 0.000158087 4.91509e-06 7.88983 1.39119
611 0.00491795 0.000522014 0.000158087 4.91509e-06 7.88983 1.39119
612 0.00041272 0.00018013 0.000158087 4.91509e-06 7.88983 1.39119
613 0.000775834 0.000287533 0.000158087 4.91509e-06 7.88983 1.39119
614 0.00104002 0.00053683 0.000158087 4.91509e-06 7.88983 1.39119
615 0.000435771 0.000196652 0.000158087 4.91509e-06 7.88983 1.39119
616 0.000565959 0.000925608 0.000158087 4.91509e-06 7.88983 1.39119
617 0.000825511 0.000998688 0.000158087 4.91509e-06 7.88983 1.39119
618 0.000555569 0.000194312 0.000158087 4.91509e-06 7.88983 1.39119
619 0.00089223 0.000272695 0.000158087 4.91509e-06 7.88983 1.39119
620 0.000500027 0.000188435 0.000158087 4.91509e-06 7.88983 1.39119
621 0.00420297 0.000882191 0.000158087 4.91509e-06 7.88983 1.39119
622 0.0009486 0.00118293 0.000158087 4.91509e-06 7.88983 1.39119
623 0.00171907 0.000912098 0.000158087 4.91509e-06 7.88983 1.39119
624 0.00188376 0.000992206 0.000158087 4.91509e-06 7.88983 1.39119
625 0.000581395 0.000138298 0.000158087 4.91509e-06 7.88983 1.39119
626 0.000632765 0.00023658 0.000138298 4.84433e-06 7.37951 1.38114
627 0.000430294 0.000661933 0.000138298 4.84433e-06 7.37951 1.38114
628 0.00178346 0.00164432 0.000138298 4.84433e-06 7.37951 1.38114
629 0.00157292 0.000814939 0.000138298 4.84433e-06 7.37951 1.38114
630 0.00122661 0.00132814 0.000138298 4.84433e-06 7.37951 1.38114
631 0.000921172 0.00111228 0.000138298 4.84433e-06 7.37951 1.38114
632 0.000605453 0.000182821 0.000138298 4.84433e-06 7.37951 1.38114
633 0.00131336 0.00259665 0.000138298 4.84433e-06 7.37951 1.38114
634 0.00308859 0.000362937 0.000138298 4.84433e-06 7.37951 1.38114
635 0.000780387 0.000445843 0.000138298 4.84433e-06 7.37951 1.38114
636 0.000755022 0.000399704 0.000138298 4.84433e-06 7.37951 1.38114
637 0.00123028 0.00366873 0.000138298 4.84433e-06 7.37951 1.38114
638 0.00219437 0.000184079 0.000138298 4.84433e-06 7.37951 1.38114
639 0.000668713 0.000365618 0.000138298 4.84433e-06 7.37951 1.38114
640 0.00117331 0.00794885 0.000138298 4.84433e-06 7.37951 1.38114
641 0.000890387 0.00446826 0.000138298 4.84433e-06 7.37951 1.38114
642 0.00126232 0.000234594 0.000138298 4.84433e-06 7.37951 1.38114
643 0.000582196 0.000990705 0.000138298 4.84433e-06 7.37951 1.38114
644 0.00152021 0.00281509 0.000138298 4.84433e-06 7.37951 1.38114
645 0.00189268 0.000196674 0.000138298 4.84433e-06 7.37951 1.38114
646 0.001443 0.00170634 0.000138298 4.84433e-06 7.37951 1.38114
647 0.00103645 0.000170553 0.000138298 4.84433e-06 7.37951 1.38114
648 0.00147577 0.00223253 0.000138298 4.84433e-06 7.37951 1.38114
649 0.000683614 0.000934891 0.000138298 4.84433e-06 7.37951 1.38114
650 0.00289599 0.00810939 0.000138298 4.84433e-06 7.37951 1.38114
651 0.00263212 0.0027126 0.000138298 4.84433e-06 7.37951 1.38114
652 0.000855569 0.00218481 0.000138298 4.84433e-06 7.37951 1.38114
653 0.000698573 0.000405396 0.000138298 4.84433e-06 7.37951 1.38114
654 0.00064667 0.000418068 0.000138298 4.84433e-06 7.37951 1.38114
655 0.00145167 0.0032868 0.000138298 4.84433e-06 7.37951 1.38114
656 0.00137865 0.00437633 0.000138298 4.84433e-06 7.37951 1.38114
657 0.00204478 0.000972906 0.000138298 4.84433e-06 7.37951 1.38114
658 0.00168445 0.000626433 0.000138298 4.84433e-06 7.37951 1.38114
659 0.00107183 0.000642013 0.000138298 4.84433e-06 7.37951 1.38114
660 0.00269579 0.000452913 0.000138298 4.84433e-06 7.37951 1.38114
661 0.000595708 0.000274219 0.000138298 4.84433e-06 7.37951 1.38114
662 0.000782073 0.000773988 0.000138298 4.84433e-06 7.37951 1.38114
663 0.000686451 0.000813596 0.000138298 4.84433e-06 7.37951 1.38114
664 0.000544271 0.000589219 0.000138298 4.84433e-06 7.37951 1.38114
665 0.00201744 0.000201963 0.000138298 4.84433e-06 7.37951 1.38114
666 0.00133304 0.00497514 0.000138298 4.84433e-06 7.37951 1.38114
667 0.000902639 0.00416657 0.000138298 4.84433e-06 7.37951 1.38114
668 0.00160139 0.00283988 0.000138298 4.84433e-06 7.37951 1.38114
669 0.00321105 0.000954358 0.000138298 4.84433e-06 7.37951 1.38114
670 0.00105669 0.000157436 0.000138298 4.84433e-06 7.37951 1.38114
671 0.00108807 0.000692062 0.000138298 4.84433e-06 7.37951 1.38114
672 0.00171551 0.0021014 0.000138298 4.84433e-06 7.37951 1.38114
673 0.00305423 0.000658374 0.000138298 4.84433e-06 7.37951 1.38114
674 0.00202947 0.000314433 0.000138298 4.84433e-06 7.37951 1.38114
675 0.000625803 0.000379911 0.000138298 4.84433e-06 7.37951 1.38114
676 0.00156575 0.00470294 0.000138298 4.84433e-06 7.37951 1.38114
677 0.000947221 0.000255105 0.000138298 4.84433e-06 7.37951 1.38114
678 0.000485081 0.0018786 0.000138298 4.84433e-06 7.37951 1.38114
679 0.00079229 0.000461233 0.000138298 4.84433e-06 7.37951 1.38114
680 0.00259046 0.000328003 0.000138298 4.84433e-06 7.37951 1.38114
681 0.00194811 0.00209171 0.000138298 4.84433e-06 7.37951 1.38114
682 0.000557042 0.000786491 0.000138298 4.84433e-06 7.37951 1.38114
683 0.000677213 0.000477678 0.000138298 4.84433e-06 7.37951 1.38114
684 0.000799452 0.000529117 0.000138298 4.84433e-06 7.37951 1.38114
685 0.000783973 0.00144348 0.000138298 4.84433e-06 7.37951 1.38114
686 0.00285426 0.00484315 0.000138298 4.84433e-06 7.37951 1.38114
687 0.00137717 0.000369598 0.000138298 4.84433e-06 7.37951 1.38114
688 0.00155471 0.001047 0.000138298 4.84433e-06 7.37951 1.38114
689 0.000691934 0.000187496 0.000138298 4.84433e-06 7.37951 1.38114
690 0.000476721 0.00161376 0.000138298 4.84433e-06 7.37951 1.38114
691 0.00234237 0.000337159 0.000138298 4.84433e-06 7.37951 1.38114
692 0.00190551 0.000462536 0.000138298 4.84433e-06 7.37951 1.38114
693 0.00111835 0.00193818 0.000138298 4.84433e-06 7.37951 1.38114
694 0.00235071 0.000794721 0.000138298 4.84433e-06 7.37951 1.38114
695 0.00079976 0.00099276 0.000138298 4.84433e-06 7.37951 1.38114
696 0.0019612 0.000720569 0.000138298 4.84433e-06 7.37951 1.38114
697 0.00115709 0.00138919 0.000138298 4.84433e-06 7.37951 1.38114
698 0.00048428 0.000228757 0.000138298 4.84433e-06 7.37951 1.38114
699 0.000917527 0.000165206 0.000138298 4.84433e-06 7.37951 1.38114
700 0.000662348 0.00492014 0.000138298 4.84433e-06 7.37951 1.38114
701 0.00269513 0.0066464 0.000138298 4.84433e-06 7.37951 1.38114
702 0.00248842 0.000263456 0.000138298 4.84433e-06 7.37951 1.38114
703 0.000749665 0.000193106 0.000138298 4.84433e-06 7.37951 1.38114
704 0.000693076 0.000172465 0.000138298 4.84433e-06 7.37951 1.38114
705 0.000849273 0.00140678 0.000138298 4.84433e-06 7.37951 1.38114
706 0.000849009 0.000786892 0.000138298 4.84433e-06 7.37951 1.38114
707 0.00299631 0.0137198 0.000138298 4.84433e-06 7.37951 1.38114
708 0.00438999 0.000311334 0.000138298 4.84433e-06 7.37951 1.38114
709 0.000432222 0.00024554 0.000138298 4.84433e-06 7.37951 1.38114
710 0.000769247 0.000391441 0.000138298 4.84433e-06 7.37951 1.38114
711 0.000838369 0.00034008 0.000138298 4.84433e-06 7.37951 1.38114
712 0.00114531 0.00029157 0.000138298 4.84433e-06 7.37951 1.38114
713 0.000863053 0.0013325 0.000138298 4.84433e-06 7.37951 1.38114
714 0.00119187 0.000978875 0.000138298 4.84433e-06 7.37951 1.38114
715 0.000851281 0.00201345 0.000138298 4.84433e-06 7.37951 1.38114
716 0.000765578 0.000413151 0.000138298 4.84433e-06 7.37951 1.38114
717 0.00210008 0.00815666 0.000138298 4.84433e-06 7.37951 1.38114
718 0.00246912 0.000287841 0.000138298 4.84433e-06 7.37951 1.38114
719 0.00123705 0.000411513 0.000138298 4.84433e-06 7.37951 1.38114
720 0.000764149 0.00356967 0.000138298 4.84433e-06 7.37951 1.38114
721 0.00220309 0.000559446 0.000138298 4.84433e-06 7.37951 1.38114
722 0.000585519 0.000393351 0.000138298 4.84433e-06 7.37951 1.38114
723 0.000922423 0.00267889 0.000138298 4.84433e-06 7.37951 1.38114
724 0.00072879 0.000311404 0.000138298 4.84433e-06 7.37951 1.38114
725 0.000479769 0.000357806 0.000138298 4.84433e-06 7.37951 1.38114
726 0.000349513 0.000175357 0.000138298 4.84433e-06 7.37951 1.38114
727 0.000265453 0.000234937 0.000138298 4.84433e-06 7.37951 1.38114
728 0.0002811 0.000173785 0.000138298 4.84433e-06 7.37951 1.38114
729 0.000307866 0.000192892 0.000138298 4.84433e-06 7.37951 1.38114
730 0.000288547 0.000216104 0.000138298 4.84433e-06 7.37951 1.38114
731 0.000292506 0.000204816 0.000138298 4.84433e-06 7.37951 1.38114
732 0.000376399 0.000154248 0.000138298 4.84433e-06 7.37951 1.38114
733 0.000365199 0.000242635 0.000138298 4.84433e-06 7.37951 1.38114
734 0.000284169 0.000227778 0.000138298 4.84433e-06 7.37951 1.38114
735 0.000306457 0.000216336 0.000138298 4.84433e-06 7.37951 1.38114
736 0.000373873 0.000415814 0.000138298 4.84433e-06 7.37951 1.38114
737 0.000292427 0.000259498 0.000138298 4.84433e-06 7.37951 1.38114
738 0.000366436 0.000224785 0.000138298 4.84433e-06 7.37951 1.38114
739 0.000369679 0.000208936 0.000138298 4.84433e-06 7.37951 1.38114
740 0.000319016 0.000206014 0.000138298 4.84433e-06 7.37951 1.38114
741 0.000282391 0.000349458 0.000138298 4.84433e-06 7.37951 1.38114
742 0.000323755 0.000378993 0.000138298 4.84433e-06 7.37951 1.38114
743 0.000416158 0.000310161 0.000138298 4.84433e-06 7.37951 1.38114
744 0.00033796 0.000250129 0.000138298 4.84433e-06 7.37951 1.38114
745 0.000407469 0.00020795 0.000138298 4.84433e-06 7.37951 1.38114
746 0.000316534 0.000214891 0.000138298 4.84433e-06 7.37951 1.38114
747 0.000374128 0.000275611 0.000138298 4.84433e-06 7.37951 1.38114
748 0.000322198 0.000164365 0.000138298 4.84433e-06 7.37951 1.38114
749 0.000308947 0.000267266 0.000138298 4.84433e-06 7.37951 1.38114
750 0.000326556 0.000248368 0.000138298 4.84433e-06 7.37951 1.38114
751 0.000345014 0.000166943 0.000138298 4.84433e-06 7.37951 1.38114
752 0.000367907 0.00061005 0.000138298 4.84433e-06 7.37951 1.38114
753 0.000347275 0.000560611 0.000138298 4.84433e-06 7.37951 1.38114
754 0.000510294 0.000344285 0.000138298 4.84433e-06 7.37951 1.38114
755 0.000394368 0.00018028 0.000138298 4.84433e-06 7.37951 1.38114
756 0.000477219 0.000445435 0.000138298 4.84433e-06 7.37951 1.38114
757 0.000370728 0.000214546 0.000138298 4.84433e-06 7.37951 1.38114
758 0.000630217 0.00020436 0.000138298 4.84433e-06 7.37951 1.38114
759 0.000508747 0.000140105 0.000138298 4.84433e-06 7.37951 1.38114
760 0.000766565 0.000206353 0.000138298 4.84433e-06 7.37951 1.38114
761 0.000342911 0.000984731 0.000138298 4.84433e-06 7.37951 1.38114
762 0.000630974 0.000384823 0.000138298 4.84433e-06 7.37951 1.38114
763 0.000533579 0.000159528 0.000138298 4.84433e-06 7.37951 1.38114
764 0.000341277 0.000292478 0.000138298 4.84433e-06 7.37951 1.38114
765 0.000448153 0.000210009 0.000138298 4.84433e-06 7.37951 1.38114
766 0.000577643 0.00290687 0.000138298 4.84433e-06 7.37951 1.38114
767 0.00354849 0.000582446 0.000138298 4.84433e-06 7.37951 1.38114
768 0.000494951 0.000210507 0.000138298 4.84433e-06 7.37951 1.38114
769 0.000357358 0.000914273 0.000138298 4.84433e-06 7.37951 1.38114
770 0.000528005 0.00024395 0.000138298 4.84433e-06 7.37951 1.38114
771 0.000296867 0.000470925 0.000138298 4.84433e-06 7.37951 1.38114
772 0.000355859 0.000286119 0.000138298 4.84433e-06 7.37951 1.38114
773 0.000423179 0.000236599 0.000138298 4.84433e-06 7.37951 1.38114
774 0.000364165 0.000255509 0.000138298 4.84433e-06 7.37951 1.38114
775 0.000327767 0.000350867 0.000138298 4.84433e-06 7.37951 1.38114
776 0.000435206 0.000643248 0.000138298 4.84433e-06 7.37951 1.38114
777 0.00056779 0.000400135 0.000138298 4.84433e-06 7.37951 1.38114
778 0.000580492 0.000893027 0.000138298 4.84433e-06 7.37951 1.38114
779 0.000612834 0.000433833 0.000138298 4.84433e-06 7.37951 1.38114
780 0.000457312 0.000350578 0.000138298 4.84433e-06 7.37951 1.38114
781 0.000615718 0.000741833 0.000138298 4.84433e-06 7.37951 1.38114
782 0.000408421 0.000312514 0.000138298 4.84433e-06 7.37951 1.38114
783 0.000473737 0.00029884 0.000138298 4.84433e-06 7.37951 1.38114
784 0.000851654 0.000594506 0.000138298 4.84433e-06 7.37951 1.38114
785 0.000518766 0.000314603 0.000138298 4.84433e-06 7.37951 1.38114
786 0.000413946 0.000310677 0.000138298 4.84433e-06 7.37951 1.38114
787 0.000390709 0.00083088 0.000138298 4.84433e-06 7.37951 1.38114
788 0.000379169 0.000324899 0.000138298 4.84433e-06 7.37951 1.38114
789 0.000472757 0.000577634 0.000138298 4.84433e-06 7.37951 1.38114
790 0.000527912 0.000186403 0.000138298 4.84433e-06 7.37951 1.38114
791 0.000394428 0.000362349 0.000138298 4.84433e-06 7.37951 1.38114
792 0.000476092 0.000797267 0.000138298 4.84433e-06 7.37951 1.38114
793 0.000455738 0.000576736 0.000138298 4.84433e-06 7.37951 1.38114
794 0.000548679 0.00056307 0.000138298 4.84433e-06 7.37951 1.38114
795 0.000625886 0.000282566 0.000138298 4.84433e-06 7.37951 1.38114
796 0.000597748 0.000485915 0.000138298 4.84433e-06 7.37951 1.38114
797 0.000881431 0.000211706 0.000138298 4.84433e-06 7.37951 1.38114
798 0.000481255 0.000169847 0.000138298 4.84433e-06 7.37951 1.38114
799 0.000468962 0.000906959 0.000138298 4.84433e-06 7.37951 1.38114
800 0.000463183 0.000444203 0.000138298 4.84433e-06 7.37951 1.38114
801 0.000370113 0.000357299 0.000138298 4.84433e-06 7.37951 1.38114
802 0.000575519 0.000780079 0.000138298 4.84433e-06 7.37951 1.38114
803 0.000939777 0.000217444 0.000138298 4.84433e-06 7.37951 1.38114
804 0.000531211 0.000520117 0.000138298 4.84433e-06 7.37951 1.38114
805 0.000832139 0.000505587 0.000138298 4.84433e-06 7.37951 1.38114
806 0.000374297 0.000458776 0.000138298 4.84433e-06 7.37951 1.38114
807 0.000647043 0.000358886 0.000138298 4.84433e-06 7.37951 1.38114
808 0.00035028 0.000389381 0.000138298 4.84433e-06 7.37951 1.38114
809 0.000360242 0.000224428 0.000138298 4.84433e-06 7.37951 1.38114
810 0.000465517 0.000404191 0.000138298 4.84433e-06 7.37951 1.38114
811 0.000340961 0.000387235 0.000138298 4.84433e-06 7.37951 1.38114
812 0.000730105 0.00044241 0.000138298 4.84433e-06 7.37951 1.38114
813 0.000922893 0.000361338 0.000138298 4.84433e-06 7.37951 1.38114
814 0.000439292 0.000172147 0.000138298 4.84433e-06 7.37951 1.38114
815 0.000439395 0.000224265 0.000138298 4.84433e-06 7.37951 1.38114
816 0.000469028 0.000424983 0.000138298 4.84433e-06 7.37951 1.38114
817 0.000377582 0.000324905 0.000138298 4.84433e-06 7.37951 1.38114
818 0.000953739 0.000768116 0.000138298 4.84433e-06 7.37951 1.38114
819 0.000614137 0.000336352 0.000138298 4.84433e-06 7.37951 1.38114
820 0.000368612 0.000618654 0.000138298 4.84433e-06 7.37951 1.38114
821 0.000611587 0.000272049 0.000138298 4.84433e-06 7.37951 1.38114
822 0.000436716 0.000177134 0.000138298 4.84433e-06 7.37951 1.38114
823 0.000635167 0.0007914 0.000138298 4.84433e-06 7.37951 1.38114
824 0.000513087 0.00053092 0.000138298 4.84433e-06 7.37951 1.38114
825 0.000751079 0.000403573 0.000138298 4.84433e-06 7.37951 1.38114
826 0.000347359 0.000218974 0.000138298 4.84433e-06 7.37951 1.38114
827 0.000265191 0.000293338 0.000138298 4.84433e-06 7.37951 1.38114
828 0.000337855 0.000222792 0.000138298 4.84433e-06 7.37951 1.38114
829 0.000272311 0.000198105 0.000138298 4.84433e-06 7.37951 1.38114
830 0.000332761 0.000183624 0.000138298 4.84433e-06 7.37951 1.38114
831 0.000282648 0.000269806 0.000138298 4.84433e-06 7.37951 1.38114
832 0.000259622 0.00018452 0.000138298 4.84433e-06 7.37951 1.38114
833 0.000310751 0.000252841 0.000138298 4.84433e-06 7.37951 1.38114
834 0.000287145 0.000206154 0.000138298 4.84433e-06 7.37951 1.38114
835 0.000278136 0.000251737 0.000138298 4.84433e-06 7.37951 1.38114
836 0.000305739 0.00044421 0.000138298 4.84433e-06 7.37951 1.38114
837 0.000330752 0.000181523 0.000138298 4.84433e-06 7.37951 1.38114
838 0.000253842 0.000237565 0.000138298 4.84433e-06 7.37951 1.38114
839 0.000299999 0.000191678 0.000138298 4.84433e-06 7.37951 1.38114
840 0.00026553 0.000242359 0.000138298 4.84433e-06 7.37951 1.38114
841 0.000269293 0.000166505 0.000138298 4.84433e-06 7.37951 1.38114
842 0.000280318 0.000274243 0.000138298 4.84433e-06 7.37951 1.38114
843 0.000304594 0.000159393 0.000138298 4.84433e-06 7.37951 1.38114
844 0.000264285 0.000212291 0.000138298 4.84433e-06 7.37951 1.38114
845 0.000293756 0.000204447 0.000138298 4.84433e-06 7.37951 1.38114
846 0.000328529 0.000176683 0.000138298 4.84433e-06 7.37951 1.38114
847 0.000266533 0.000176568 0.000138298 4.84433e-06 7.37951 1.38114
848 0.000288236 0.000152292 0.000138298 4.84433e-06 7.37951 1.38114
849 0.000318625 0.000285611 0.000138298 4.84433e-06 7.37951 1.38114
850 0.000283163 0.000324436 0.000138298 4.84433e-06 7.37951 1.38114
851 0.000233559 0.000167964 0.000138298 4.84433e-06 7.37951 1.38114
852 0.000332765 0.000185791 0.000138298 4.84433e-06 7.37951 1.38114
853 0.000452203 0.000241739 0.000138298 4.84433e-06 7.37951 1.38114
854 0.000376136 0.000135578 0.000138298 4.84433e-06 7.37951 1.38114
855 0.000273886 0.000215033 0.000135578 4.72765e-06 7.30659 1.3644
856 0.000275758 0.000195236 0.000135578 4.72765e-06 7.30659 1.3644
857 0.000304248 0.000278269 0.000135578 4.72765e-06 7.30659 1.3644
858 0.000364345 0.000161855 0.000135578 4.72765e-06 7.30659 1.3644
859 0.000305914 0.000475127 0.000135578 4.72765e-06 7.30659 1.3644
860 0.00034226 0.00023972 0.000135578 4.72765e-06 7.30659 1.3644
861 0.000459414 0.000261512 0.000135578 4.72765e-06 7.30659 1.3644
862 0.000350943 0.000350227 0.000135578 4.72765e-06 7.30659 1.3644
863 0.000356367 0.000610199 0.000135578 4.72765e-06 7.30659 1.3644
864 0.000616471 0.000797866 0.000135578 4.72765e-06 7.30659 1.3644
865 0.000327536 0.000298725 0.000135578 4.72765e-06 7.30659 1.3644
866 0.000291032 0.000356094 0.000135578 4.72765e-06 7.30659 1.3644
867 0.000305552 0.000153258 0.000135578 4.72765e-06 7.30659 1.3644
868 0.000345662 0.000286209 0.000135578 4.72765e-06 7.30659 1.3644
869 0.000278239 0.000187862 0.000135578 4.72765e-06 7.30659 1.3644
870 0.000359912 0.000338719 0.000135578 4.72765e-06 7.30659 1.3644
871 0.000305922 0.000167464 0.000135578 4.72765e-06 7.30659 1.3644
872 0.000438225 0.000440884 0.000135578 4.72765e-06 7.30659 1.3644
873 0.00033851 0.000548399 0.000135578 4.72765e-06 7.30659 1.3644
874 0.000350004 0.000658331 0.000135578 4.72765e-06 7.30659 1.3644
875 0.000326694 0.000149211 0.000135578 4.72765e-06 7.30659 1.3644
876 0.000423298 0.000168307 0.000135578 4.72765e-06 7.30659 1.3644
877 0.000299069 0.000516386 0.000135578 4.72765e-06 7.30659 1.3644
878 0.000364746 0.000503692 0.000135578 4.72765e-06 7.30659 1.3644
879 0.000305627 0.000183864 0.000135578 4.72765e-06 7.30659 1.3644
880 0.000307295 0.000367839 0.000135578 4.72765e-06 7.30659 1.3644
881 0.000387157 0.000338295 0.000135578 4.72765e-06 7.30659 1.3644
882 0.000303888 0.000319444 0.000135578 4.72765e-06 7.30659 1.3644
883 0.000434191 0.000262696 0.000135578 4.72765e-06 7.30659 1.3644
884 0.000303487 0.00042911 0.000135578 4.72765e-06 7.30659 1.3644
885 0.000389071 0.000520243 0.000135578 4.72765e-06 7.30659 1.3644
886 0.0003815 0.00016967 0.000135578 4.72765e-06 7.30659 1.3644
887 0.000268196 0.000158275 0.000135578 4.72765e-06 7.30659 1.3644
888 0.000358019 0.000408001 0.000135578 4.72765e-06 7.30659 1.3644
889 0.000401342 0.000461154 0.000135578 4.72765e-06 7.30659 1.3644
890 0.000277616 0.000283322 0.000135578 4.72765e-06 7.30659 1.3644
891 0.000302201 0.00036271 0.000135578 4.72765e-06 7.30659 1.3644
892 0.000350289 0.000400632 0.000135578 4.72765e-06 7.30659 1.3644
893 0.000280037 0.000265537 0.000135578 4.72765e-06 7.30659 1.3644
894 0.000395642 0.000301325 0.000135578 4.72765e-06 7.30659 1.3644
895 0.000330347 0.000126073 0.000135578 4.72765e-06 7.30659 1.3644
896 0.000352946 0.000293118 0.000126073 4.66881e-06 7.04581 1.35589
897 0.000416587 0.000199223 0.000126073 4.66881e-06 7.04581 1.35589
898 0.000323077 0.000443161 0.000126073 4.66881e-06 7.04581 1.35589
899 0.000475426 0.000539428 0.000126073 4.66881e-06 7.04581 1.35589
900 0.000454594 0.000250969 0.000126073 4.66881e-06 7.04581 1.35589
901 0.000374771 0.000178166 0.000126073 4.66881e-06 7.04581 1.35589
902 0.000286767 0.000272574 0.000126073 4.66881e-06 7.04581 1.35589
903 0.000295519 0.000275832 0.000126073 4.66881e-06 7.04581 1.35589
904 0.000333951 0.000150514 0.000126073 4.66881e-06 7.04581 1.35589
905 0.00045564 0.000473998 0.000126073 4.66881e-06 7.04581 1.35589
906 0.000444346 0.00095728 0.000126073 4.66881e-06 7.04581 1.35589
907 0.000362402 0.000206988 0.000126073 4.66881e-06 7.04581 1.35589
908 0.000462252 0.000221282 0.000126073 4.66881e-06 7.04581 1.35589
909 0.000296737 0.000250721 0.000126073 4.66881e-06 7.04581 1.35589
910 0.000268238 0.000236597 0.000126073 4.66881e-06 7.04581 1.35589
911 0.000604747 0.000675945 0.000126073 4.66881e-06 7.04581 1.35589
912 0.000326351 0.00012921 0.000126073 4.66881e-06 7.04581 1.35589
913 0.000370825 0.000330852 0.000126073 4.66881e-06 7.04581 1.35589
914 0.000333701 0.000189298 0.000126073 4.66881e-06 7.04581 1.35589
915 0.000325271 0.000209287 0.000126073 4.66881e-06 7.04581 1.35589
916 0.000352567 0.000335691 0.000126073 4.66881e-06 7.04581 1.35589
917 0.000408459 0.000147598 0.000126073 4.66881e-06 7.04581 1.35589
918 0.000286637 0.000161148 0.000126073 4.66881e-06 7.04581 1.35589
919 0.000282885 0.000713996 0.000126073 4.66881e-06 7.04581 1.35589
920 0.000306355 0.000247203 0.000126073 4.66881e-06 7.04581 1.35589
921 0.000392976 0.000211048 0.000126073 4.66881e-06 7.04581 1.35589
922 0.00037236 0.00022319 0.000126073 4.66881e-06 7.04581 1.35589
923 0.000390741 0.000301495 0.000126073 4.66881e-06 7.04581 1.35589
924 0.00026547 0.00023888 0.000126073 4.66881e-06 7.04581 1.35589
925 0.000410457 0.000842882 0.000126073 4.66881e-06 7.04581 1.35589
926 0.00033297 0.000197966 0.000126073 4.66881e-06 7.04581 1.35589
927 0.000338971 0.000169398 0.000126073 4.66881e-06 7.04581 1.35589
928 0.000422278 0.000306991 0.000126073 4.66881e-06 7.04581 1.35589
929 0.00041489 0.000333761 0.000126073 4.66881e-06 7.04581 1.35589
930 0.000346296 0.000221396 0.000126073 4.66881e-06 7.04581 1.35589
931 0.00033515 0.000336086 0.000126073 4.66881e-06 7.04581 1.35589
932 0.000327981 0.000316708 0.000126073 4.66881e-06 7.04581 1.35589
933 0.000321532 0.000309628 0.000126073 4.66881e-06 7.04581 1.35589
934 0.000352046 0.000213775 0.000126073 4.66881e-06 7.04581 1.35589
935 0.000307905 0.000466824 0.000126073 4.66881e-06 7.04581 1.35589
936 0.000404056 0.000340867 0.000126073 4.66881e-06 7.04581 1.35589
937 0.000312226 0.000245558 0.000126073 4.66881e-06 7.04581 1.35589
938 0.000293993 0.000280519 0.000126073 4.66881e-06 7.04581 1.35589
939 0.000319139 0.000199233 0.000126073 4.66881e-06 7.04581 1.35589
940 0.000315335 0.000271916 0.000126073 4.66881e-06 7.04581 1.35589
941 0.000381843 0.00014661 0.000126073 4.66881e-06 7.04581 1.35589
942 0.000295415 0.000338743 0.000126073 4.66881e-06 7.04581 1.35589
943 0.000275042 0.000174791 0.000126073 4.66881e-06 7.04581 1.35589
944 0.000300351 0.000238038 0.000126073 4.66881e-06 7.04581 1.35589
945 0.000335993 0.000138934 0.000126073 4.66881e-06 7.04581 1.35589
946 0.000343373 0.000308209 0.000126073 4.66881e-06 7.04581 1.35589
947 0.000442182 0.000271685 0.000126073 4.66881e-06 7.04581 1.35589
948 0.000308041 0.000287394 0.000126073 4.66881e-06 7.04581 1.35589
949 0.000399742 0.00051054 0.000126073 4.66881e-06 7.04581 1.35589
950 0.000343031 0.000609023 0.000126073 4.66881e-06 7.04581 1.35589
951 0.000357682 0.000176114 0.000126073 4.66881e-06 7.04581 1.35589
952 0.000312807 0.000211842 0.000126073 4.66881e-06 7.04581 1.35589
953 0.000306956 0.000143986 0.000126073 4.66881e-06 7.04581 1.35589
954 0.000232988 0.000167564 0.000126073 4.66881e-06 7.04581 1.35589
955 0.000380935 0.000660848 0.000126073 4.66881e-06 7.04581 1.35589
956 0.000792197 0.000862325 0.000126073 4.66881e-06 7.04581 1.35589
957 0.00047699 0.000405641 0.000126073 4.66881e-06 7.04581 1.35589
958 0.000489998 0.000224179 0.000126073 4.66881e-06 7.04581 1.35589
959 0.000311445 0.000159573 0.000126073 4.66881e-06 7.04581 1.35589
960 0.000301622 0.000311208 0.000126073 4.66881e-06 7.04581 1.35589
961 0.000295274 0.000178435 0.000126073 4.66881e-06 7.04581 1.35589
962 0.000334642 0.000393744 0.000126073 4.66881e-06 7.04581 1.35589
963 0.000332456 0.000143865 0.000126073 4.66881e-06 7.04581 1.35589
964 0.000317596 0.00033387 0.000126073 4.66881e-06 7.04581 1.35589
965 0.000287685 0.000183749 0.000126073 4.66881e-06 7.04581 1.35589
966 0.00035692 0.000405878 0.000126073 4.66881e-06 7.04581 1.35589
967 0.000318697 0.000447627 0.000126073 4.66881e-06 7.04581 1.35589
968 0.000326824 0.000182923 0.000126073 4.66881e-06 7.04581 1.35589
969 0.000310542 0.000316194 0.000126073 4.66881e-06 7.04581 1.35589
970 0.00031121 0.000234924 0.000126073 4.66881e-06 7.04581 1.35589
971 0.000310973 0.000295477 0.000126073 4.66881e-06 7.04581 1.35589
972 0.000461095 0.000507109 0.000126073 4.66881e-06 7.04581 1.35589
973 0.000312308 0.00040094 0.000126073 4.66881e-06 7.04581 1.35589
974 0.000369406 0.000567162 0.000126073 4.66881e-06 7.04581 1.35589
975 0.000338135 0.000234366 0.000126073 4.66881e-06 7.04581 1.35589
976 0.000358214 0.000368475 0.000126073 4.66881e-06 7.04581 1.35589
977 0.000387469 0.000301521 0.000126073 4.66881e-06 7.04581 1.35589
978 0.000287117 0.000218215 0.000126073 4.66881e-06 7.04581 1.35589
979 0.000276414 0.000447571 0.000126073 4.66881e-06 7.04581 1.35589
980 0.000300317 0.00029876 0.000126073 4.66881e-06 7.04581 1.35589
981 0.000373622 0.000304804 0.000126073 4.66881e-06 7.04581 1.35589
982 0.000342386 0.000343028 0.000126073 4.66881e-06 7.04581 1.35589
983 0.000324964 0.000272446 0.000126073 4.66881e-06 7.04581 1.35589
984 0.000299642 0.000159423 0.000126073 4.66881e-06 7.04581 1.35589
985 0.000373877 0.000153383 0.000126073 4.66881e-06 7.04581 1.35589
986 0.000348853 0.000260942 0.000126073 4.66881e-06 7.04581 1.35589
987 0.000378954 0.000398324 0.000126073 4.66881e-06 7.04581 1.35589
988 0.000308747 0.0001793 0.000126073 4.66881e-06 7.04581 1.35589
989 0.000385807 0.000209751 0.000126073 4.66881e-06 7.04581 1.35589
990 0.000423531 0.00034415 0.000126073 4.66881e-06 7.04581 1.35589
991 0.000326459 0.000284383 0.000126073 4.66881e-06 7.04581 1.35589
992 0.000341934 0.000396887 0.000126073 4.66881e-06 7.04581 1.35589
993 0.000298783 0.000178907 0.000126073 4.66881e-06 7.04581 1.35589
994 0.000332805 0.000240162 0.000126073 4.66881e-06 7.04581 1.35589
995 0.000353076 0.000438188 0.000126073 4.66881e-06 7.04581 1.35589
996 0.00027635 0.000222189 0.000126073 4.66881e-06 7.04581 1.35589
997 0.000288392 0.000327017 0.000126073 4.66881e-06 7.04581 1.35589
998 0.000259226 0.000202272 0.000126073 4.66881e-06 7.04581 1.35589
999 0.000258666 0.000131047 0.000126073 4.66881e-06 7.04581 1.35589
1000 0.000299652 0.000303992 0.000126073 4.66881e-06 7.04581 1.35589
1001 0.000264489 0.000153764 0.000126073 4.66881e-06 7.04581 1.35589
1002 0.000249992 0.000213697 0.000126073 4.66881e-06 7.04581 1.35589
1003 0.000257444 0.000260978 0.000126073 4.66881e-06 7.04581 1.35589
1004 0.000275041 0.000277472 0.000126073 4.66881e-06 7.04581 1.35589
1005 0.000264438 0.00021247 0.000126073 4.66881e-06 7.04581 1.35589
1006 0.000253609 0.000184154 0.000126073 4.66881e-06 7.04581 1.35589
1007 0.000258809 0.000227942 0.000126073 4.66881e-06 7.04581 1.35589
1008 0.000260975 0.000303259 0.000126073 4.66881e-06 7.04581 1.35589
1009 0.000276292 0.000160804 0.000126073 4.66881e-06 7.04581 1.35589
1010 0.000293022 0.000232244 0.000126073 4.66881e-06 7.04581 1.35589
1011 0.000261276 0.000211006 0.000126073 4.66881e-06 7.04581 1.35589
1012 0.000266354 0.000214148 0.000126073 4.66881e-06 7.04581 1.35589
1013 0.000266104 0.000246979 0.000126073 4.66881e-06 7.04581 1.35589
1014 0.00025626 0.000147349 0.000126073 4.66881e-06 7.04581 1.35589
1015 0.000279848 0.000191567 0.000126073 4.66881e-06 7.04581 1.35589
1016 0.000280818 0.000235957 0.000126073 4.66881e-06 7.04581 1.35589
1017 0.000287001 0.000206597 0.000126073 4.66881e-06 7.04581 1.35589
1018 0.000268241 0.000227044 0.000126073 4.66881e-06 7.04581 1.35589
1019 0.00030714 0.000343502 0.000126073 4.66881e-06 7.04581 1.35589
1020 0.000275967 0.000207038 0.000126073 4.66881e-06 7.04581 1.35589
1021 0.000320871 0.000158001 0.000126073 4.66881e-06 7.04581 1.35589
1022 0.000257292 0.000216735 0.000126073 4.66881e-06 7.04581 1.35589
1023 0.000283283 0.000213462 0.000126073 4.66881e-06 7.04581 1.35589
1024 0.000274298 0.000286631 0.000126073 4.66881e-06 7.04581 1.35589
1025 0.000320205 0.00019074 0.000126073 4.66881e-06 7.04581 1.35589
1026 0.000288981 0.000203768 0.000126073 4.66881e-06 7.04581 1.35589
1027 0.000279068 0.000210761 0.000126073 4.66881e-06 7.04581 1.35589
1028 0.000260119 0.000148397 0.000126073 4.66881e-06 7.04581 1.35589
1029 0.000285055 0.000286934 0.000126073 4.66881e-06 7.04581 1.35589
1030 0.000287325 0.000311863 0.000126073 4.66881e-06 7.04581 1.35589
1031 0.000273391 0.000210343 0.000126073 4.66881e-06 7.04581 1.35589
1032 0.000271416 0.000178289 0.000126073 4.66881e-06 7.04581 1.35589
1033 0.000302382 0.000201223 0.000126073 4.66881e-06 7.04581 1.35589
1034 0.000271188 0.000212142 0.000126073 4.66881e-06 7.04581 1.35589
1035 0.000283879 0.000214796 0.000126073 4.66881e-06 7.04581 1.35589
1036 0.000280456 0.000203128 0.000126073 4.66881e-06 7.04581 1.35589
1037 0.000277092 0.00025801 0.000126073 4.66881e-06 7.04581 1.35589
1038 0.000350351 0.000282093 0.000126073 4.66881e-06 7.04581 1.35589
1039 0.00029184 0.000216453 0.000126073 4.66881e-06 7.04581 1.35589
1040 0.000270291 0.000149089 0.000126073 4.66881e-06 7.04581 1.35589
1041 0.000281493 0.000275856 0.000126073 4.66881e-06 7.04581 1.35589
1042 0.000266373 0.000240579 0.000126073 4.66881e-06 7.04581 1.35589
1043 0.000287746 0.000169718 0.000126073 4.66881e-06 7.04581 1.35589
1044 0.000273764 0.000346626 0.000126073 4.66881e-06 7.04581 1.35589
1045 0.000304598 0.000225789 0.000126073 4.66881e-06 7.04581 1.35589
1046 0.000271286 0.000229113 0.000126073 4.66881e-06 7.04581 1.35589
1047 0.00031576 0.000207877 0.000126073 4.66881e-06 7.04581 1.35589
1048 0.000251547 0.000187679 0.000126073 4.66881e-06 7.04581 1.35589
1049 0.000297848 0.000198276 0.000126073 4.66881e-06 7.04581 1.35589
1050 0.000263843 0.000157604 0.000126073 4.66881e-06 7.04581 1.35589
1051 0.000293088 0.000165793 0.000126073 4.66881e-06 7.04581 1.35589
1052 0.00025001 0.000241396 0.000126073 4.66881e-06 7.04581 1.35589
1053 0.000272139 0.000268768 0.000126073 4.66881e-06 7.04581 1.35589
1054 0.000295268 0.000231476 0.000126073 4.66881e-06 7.04581 1.35589
1055 0.000326376 0.000188453 0.000126073 4.66881e-06 7.04581 1.35589
1056 0.0002563 0.000146242 0.000126073 4.66881e-06 7.04581 1.35589
1057 0.000306871 0.000266137 0.000126073 4.66881e-06 7.04581 1.35589
1058 0.000290873 0.000148949 0.000126073 4.66881e-06 7.04581 1.35589
1059 0.000281265 0.000156243 0.000126073 4.66881e-06 7.04581 1.35589
1060 0.000301667 0.000220431 0.000126073 4.66881e-06 7.04581 1.35589
1061 0.000252201 0.000172379 0.000126073 4.66881e-06 7.04581 1.35589
1062 0.000288925 0.00023948 0.000126073 4.66881e-06 7.04581 1.35589
1063 0.000289807 0.000231141 0.000126073 4.66881e-06 7.04581 1.35589
1064 0.000259581 0.000221153 0.000126073 4.66881e-06 7.04581 1.35589
1065 0.000253722 0.000202855 0.000126073 4.66881e-06 7.04581 1.35589
1066 0.000301958 0.000187247 0.000126073 4.66881e-06 7.04581 1.35589
1067 0.000261088 0.000214773 0.000126073 4.66881e-06 7.04581 1.35589
1068 0.000273936 0.000368387 0.000126073 4.66881e-06 7.04581 1.35589
1069 0.000358876 0.000706867 0.000126073 4.66881e-06 7.04581 1.35589
1070 0.000327017 0.000251553 0.000126073 4.66881e-06 7.04581 1.35589
1071 0.000292322 0.000224613 0.000126073 4.66881e-06 7.04581 1.35589
1072 0.000252056 0.000214962 0.000126073 4.66881e-06 7.04581 1.35589
1073 0.000281819 0.000237103 0.000126073 4.66881e-06 7.04581 1.35589
1074 0.000290676 0.000152237 0.000126073 4.66881e-06 7.04581 1.35589
1075 0.000273223 0.000209803 0.000126073 4.66881e-06 7.04581 1.35589
1076 0.000272307 0.000227759 0.000126073 4.66881e-06 7.04581 1.35589
1077 0.000295561 0.000254627 0.000126073 4.66881e-06 7.04581 1.35589
1078 0.00029921 0.000275257 0.000126073 4.66881e-06 7.04581 1.35589
1079 0.000291584 0.000188183 0.000126073 4.66881e-06 7.04581 1.35589
1080 0.000274769 0.000204442 0.000126073 4.66881e-06 7.04581 1.35589
1081 0.000250656 0.000269393 0.000126073 4.66881e-06 7.04581 1.35589
1082 0.000261632 0.000373907 0.000126073 4.66881e-06 7.04581 1.35589
1083 0.000312868 0.000251632 0.000126073 4.66881e-06 7.04581 1.35589
1084 0.000268599 0.000147897 0.000126073 4.66881e-06 7.04581 1.35589
1085 0.00026624 0.000230445 0.000126073 4.66881e-06 7.04581 1.35589
1086 0.000325329 0.000451793 0.000126073 4.66881e-06 7.04581 1.35589
1087 0.000429161 0.00019127 0.000126073 4.66881e-06 7.04581 1.35589
1088 0.000260781 0.000183683 0.000126073 4.66881e-06 7.04581 1.35589
1089 0.000267721 0.000199169 0.000126073 4.66881e-06 7.04581 1.35589
1090 0.000257088 0.000135543 0.000126073 4.66881e-06 7.04581 1.35589
1091 0.000221301 0.000147427 0.000126073 4.66881e-06 7.04581 1.35589
1092 0.000282079 0.000215337 0.000126073 4.66881e-06 7.04581 1.35589
1093 0.000259491 0.000200445 0.000126073 4.66881e-06 7.04581 1.35589
1094 0.000248209 0.000228052 0.000126073 4.66881e-06 7.04581 1.35589
1095 0.000300155 0.000379781 0.000126073 4.66881e-06 7.04581 1.35589
1096 0.000263763 0.000173056 0.000126073 4.66881e-06 7.04581 1.35589
1097 0.000253659 0.000252303 0.000126073 4.66881e-06 7.04581 1.35589
1098 0.000252103 0.000222965 0.000126073 4.66881e-06 7.04581 1.35589
1099 0.000253655 0.000237404 0.000126073 4.66881e-06 7.04581 1.35589
1100 0.000251402 0.000181394 0.000126073 4.66881e-06 7.04581 1.35589
1101 0.000254716 0.000230924 0.000126073 4.66881e-06 7.04581 1.35589
1102 0.000242778 0.000184615 0.000126073 4.66881e-06 7.04581 1.35589
1103 0.000252131 0.000150033 0.000126073 4.66881e-06 7.04581 1.35589
1104 0.000242257 0.000177188 0.000126073 4.66881e-06 7.04581 1.35589
1105 0.000254949 0.000261104 0.000126073 4.66881e-06 7.04581 1.35589
1106 0.000243813 0.000183996 0.000126073 4.66881e-06 7.04581 1.35589
1107 0.000279865 0.000197135 0.000126073 4.66881e-06 7.04581 1.35589
1108 0.000277854 0.000195031 0.000126073 4.66881e-06 7.04581 1.35589
1109 0.000260271 0.000184261 0.000126073 4.66881e-06 7.04581 1.35589
1110 0.000249115 0.000219162 0.000126073 4.66881e-06 7.04581 1.35589
1111 0.000277255 0.000223544 0.000126073 4.66881e-06 7.04581 1.35589
1112 0.000251268 0.000232942 0.000126073 4.66881e-06 7.04581 1.35589
1113 0.000268187 0.000246537 0.000126073 4.66881e-06 7.04581 1.35589
1114 0.000250084 0.000185084 0.000126073 4.66881e-06 7.04581 1.35589
1115 0.000269937 0.000164846 0.000126073 4.66881e-06 7.04581 1.35589
1116 0.000260718 0.000345373 0.000126073 4.66881e-06 7.04581 1.35589
1117 0.000288909 0.00019188 0.000126073 4.66881e-06 7.04581 1.35589
1118 0.000250631 0.000183521 0.000126073 4.66881e-06 7.04581 1.35589
1119 0.000238454 0.000204776 0.000126073 4.66881e-06 7.04581 1.35589
1120 0.000245006 0.000176439 0.000126073 4.66881e-06 7.04581 1.35589
1121 0.000249612 0.00021794 0.000126073 4.66881e-06 7.04581 1.35589
1122 0.00028528 0.000188199 0.000126073 4.66881e-06 7.04581 1.35589
1123 0.000242099 0.000159918 0.000126073 4.66881e-06 7.04581 1.35589
1124 0.000250392 0.000173054 0.000126073 4.66881e-06 7.04581 1.35589
1125 0.000262769 0.000177505 0.000126073 4.66881e-06 7.04581 1.35589
1126 0.000259606 0.000191436 0.000126073 4.66881e-06 7.04581 1.35589
1127 0.000252044 0.000172285 0.000126073 4.66881e-06 7.04581 1.35589
1128 0.000248377 0.000179051 0.000126073 4.66881e-06 7.04581 1.35589
1129 0.000282059 0.000207245 0.000126073 4.66881e-06 7.04581 1.35589
1130 0.000260811 0.000171834 0.000126073 4.66881e-06 7.04581 1.35589
1131 0.000240921 0.000149841 0.000126073 4.66881e-06 7.04581 1.35589
1132 0.000294623 0.000255726 0.000126073 4.66881e-06 7.04581 1.35589
1133 0.000323208 0.000274867 0.000126073 4.66881e-06 7.04581 1.35589
1134 0.000246562 0.000179578 0.000126073 4.66881e-06 7.04581 1.35589
1135 0.000247548 0.000211542 0.000126073 4.66881e-06 7.04581 1.35589
1136 0.000244307 0.000266901 0.000126073 4.66881e-06 7.04581 1.35589
1137 0.000255718 0.000210207 0.000126073 4.66881e-06 7.04581 1.35589
1138 0.000247166 0.000162419 0.000126073 4.66881e-06 7.04581 1.35589
1139 0.000255514 0.000235191 0.000126073 4.66881e-06 7.04581 1.35589
1140 0.00024858 0.00022171 0.000126073 4.66881e-06 7.04581 1.35589
1141 0.000245118 0.000194344 0.000126073 4.66881e-06 7.04581 1.35589
1142 0.00026991 0.000173571 0.000126073 4.66881e-06 7.04581 1.35589
1143 0.000252395 0.000167335 0.000126073 4.66881e-06 7.04581 1.35589
1144 0.000247531 0.000199434 0.000126073 4.66881e-06 7.04581 1.35589
1145 0.000255658 0.000259149 0.000126073 4.66881e-06 7.04581 1.35589
1146 0.000257837 0.000405297 0.000126073 4.66881e-06 7.04581 1.35589
1147 0.000256024 0.000197382 0.000126073 4.66881e-06 7.04581 1.35589
1148 0.000255961 0.000211629 0.000126073 4.66881e-06 7.04581 1.35589
1149 0.00024775 0.000154373 0.000126073 4.66881e-06 7.04581 1.35589
1150 0.000253963 0.000242235 0.000126073 4.66881e-06 7.04581 1.35589
1151 0.00026062 0.000290439 0.000126073 4.66881e-06 7.04581 1.35589
1152 0.000258526 0.000164667 0.000126073 4.66881e-06 7.04581 1.35589
1153 0.000246792 0.000178083 0.000126073 4.66881e-06 7.04581 1.35589
1154 0.000264245 0.0002684 0.000126073 4.66881e-06 7.04581 1.35589
1155 0.000274863 0.000170103 0.000126073 4.66881e-06 7.04581 1.35589
1156 0.000260742 0.000195126 0.000126073 4.66881e-06 7.04581 1.35589
1157 0.000272341 0.000163525 0.000126073 4.66881e-06 7.04581 1.35589
1158 0.000247784 0.000204099 0.000126073 4.66881e-06 7.04581 1.35589
1159 0.000260283 0.000177909 0.000126073 4.66881e-06 7.04581 1.35589
1160 0.000285568 0.000239264 0.000126073 4.66881e-06 7.04581 1.35589
1161 0.0002493 0.000203096 0.000126073 4.66881e-06 7.04581 1.35589
1162 0.000275097 0.000224683 0.000126073 4.66881e-06 7.04581 1.35589
1163 0.000259778 0.000240394 0.000126073 4.66881e-06 7.04581 1.35589
1164 0.000273858 0.000244786 0.000126073 4.66881e-06 7.04581 1.35589
1165 0.000256847 0.000211119 0.000126073 4.66881e-06 7.04581 1.35589
1166 0.00024912 0.000149634 0.000126073 4.66881e-06 7.04581 1.35589
1167 0.000248921 0.000206024 0.000126073 4.66881e-06 7.04581 1.35589
1168 0.000252879 0.000230133 0.000126073 4.66881e-06 7.04581 1.35589
1169 0.000299536 0.000164928 0.000126073 4.66881e-06 7.04581 1.35589
1170 0.000268735 0.000220802 0.000126073 4.66881e-06 7.04581 1.35589
1171 0.00024024 0.00020506 0.000126073 4.66881e-06 7.04581 1.35589
1172 0.000254802 0.000162471 0.000126073 4.66881e-06 7.04581 1.35589
1173 0.000246921 0.000144528 0.000126073 4.66881e-06 7.04581 1.35589
1174 0.000255548 0.000185825 0.000126073 4.66881e-06 7.04581 1.35589
1175 0.000256963 0.000182051 0.000126073 4.66881e-06 7.04581 1.35589
1176 0.000285132 0.000173704 0.000126073 4.66881e-06 7.04581 1.35589
1177 0.000252271 0.000269168 0.000126073 4.66881e-06 7.04581 1.35589
1178 0.000255765 0.000188257 0.000126073 4.66881e-06 7.04581 1.35589
1179 0.000254957 0.000147021 0.000126073 4.66881e-06 7.04581 1.35589
1180 0.000264028 0.000168325 0.000126073 4.66881e-06 7.04581 1.35589
1181 0.000246333 0.000193987 0.000126073 4.66881e-06 7.04581 1.35589
1182 0.000252641 0.000162569 0.000126073 4.66881e-06 7.04581 1.35589
1183 0.000254726 0.000208789 0.000126073 4.66881e-06 7.04581 1.35589
1184 0.000246357 0.000196183 0.000126073 4.66881e-06 7.04581 1.35589
1185 0.00028228 0.000417767 0.000126073 4.66881e-06 7.04581 1.35589
1186 0.000283568 0.000212923 0.000126073 4.66881e-06 7.04581 1.35589
1187 0.00024807 0.000220758 0.000126073 4.66881e-06 7.04581 1.35589
1188 0.000255832 0.000249635 0.000126073 4.66881e-06 7.04581 1.35589
1189 0.000260731 0.000155292 0.000126073 4.66881e-06 7.04581 1.35589
1190 0.000296907 0.000233305 0.000126073 4.66881e-06 7.04581 1.35589
1191 0.000252718 0.000184791 0.000126073 4.66881e-06 7.04581 1.35589
1192 0.000246065 0.000146948 0.000126073 4.66881e-06 7.04581 1.35589
1193 0.000248287 0.000216384 0.000126073 4.66881e-06 7.04581 1.35589
1194 0.000256485 0.000179101 0.000126073 4.66881e-06 7.04581 1.35589
1195 0.000263867 0.000137557 0.000126073 4.66881e-06 7.04581 1.35589
