1 189.748 7.97748 1.79769e+308 1.79769e+308 inf inf
2 2.06699 0.784298 1.79769e+308 1.79769e+308 inf inf
3 0.5693 0.35498 0.784298 0.0150567 555.726 76.9991
4 0.318824 0.319538 0.35498 0.00987119 373.871 62.3455
5 0.201164 0.10099 0.319538 0.0064267 354.716 50.3054
6 0.0987699 0.073545 0.10099 0.00446113 199.415 41.9124
7 0.0616125 0.0468974 0.073545 0.00349927 170.175 37.1201
8 0.060758 0.0406093 0.0468974 0.00275169 135.892 32.917
9 0.0411443 0.03762 0.0406093 0.00227436 126.454 29.9261
10 0.0417424 0.0397627 0.03762 0.00192336 121.711 27.5202
11 0.0529667 0.0361373 0.03762 0.00192336 121.711 27.5202
12 0.026982 0.0231666 0.0361373 0.00139753 119.288 23.4585
13 0.0268048 0.0271796 0.0231666 0.00117948 95.5105 21.5509
14 0.0223157 0.0458216 0.0231666 0.00117948 95.5105 21.5509
15 0.0225682 0.0170845 0.0231666 0.00117948 95.5105 21.5509
16 0.0585571 0.0657036 0.0170845 0.000759241 82.0203 17.2906
17 0.0566781 0.0312466 0.0170845 0.000759241 82.0203 17.2906
18 0.060716 0.01037 0.0170845 0.000759241 82.0203 17.2906
19 0.0215845 0.0110809 0.01037 0.000521195 63.9013 14.3259
20 0.0552578 0.979748 0.01037 0.000521195 63.9013 14.3259
21 0.12996 0.00770702 0.01037 0.000521195 63.9013 14.3259
22 0.114862 0.0211799 0.00770702 0.000360802 55.0888 11.9194
23 0.0518692 0.0323796 0.00770702 0.000360802 55.0888 11.9194
24 0.0188876 0.136204 0.00770702 0.000360802 55.0888 11.9194
25 0.0723754 0.00737082 0.00770702 0.000360802 55.0888 11.9194
26 0.0212543 0.382145 0.00737082 0.000245411 53.8739 9.83031
27 0.0650148 0.00881222 0.00737082 0.000245411 53.8739 9.83031
28 0.196534 0.347567 0.00737082 0.000245411 53.8739 9.83031
29 0.102476 0.123574 0.00737082 0.000245411 53.8739 9.83031
30 0.0526672 0.0203256 0.00737082 0.000245411 53.8739 9.83031
31 0.0812031 0.250724 0.00737082 0.000245411 53.8739 9.83031
32 0.778039 0.370515 0.00737082 0.000245411 53.8739 9.83031
33 0.0654391 0.00932715 0.00737082 0.000245411 53.8739 9.83031
34 0.00482192 0.00893094 0.00737082 0.000245411 53.8739 9.83031
35 0.00552603 0.00232179 0.00737082 0.000245411 53.8739 9.83031
36 0.0154496 0.00562143 0.00232179 0.000126677 30.2365 7.06269
37 0.0606213 0.014305 0.00232179 0.000126677 30.2365 7.06269
38 0.0223412 0.188811 0.00232179 0.000126677 30.2365 7.06269
39 0.273172 0.00864219 0.00232179 0.000126677 30.2365 7.06269
40 0.121684 0.766925 0.00232179 0.000126677 30.2365 7.06269
41 0.0547106 0.00759316 0.00232179 0.000126677 30.2365 7.06269
42 0.0139245 0.161928 0.00232179 0.000126677 30.2365 7.06269
43 3.15446 1.18605 0.00232179 0.000126677 30.2365 7.06269
44 0.163043 0.00591867 0.00232179 0.000126677 30.2365 7.06269
45 0.00351857 0.00183316 0.00232179 0.000126677 30.2365 7.06269
46 0.00953879 0.00832244 0.00183316 8.51019e-05 26.8671 5.78882
47 0.00334272 0.00171077 0.00183316 8.51019e-05 26.8671 5.78882
48 0.00271884 0.00489816 0.00171077 7.51736e-05 25.9547 5.44068
49 0.00529947 0.00862689 0.00171077 7.51736e-05 25.9547 5.44068
50 0.0104766 0.00745725 0.00171077 7.51736e-05 25.9547 5.44068
51 0.00939035 0.00478673 0.00171077 7.51736e-05 25.9547 5.44068
52 0.0048782 0.00577512 0.00171077 7.51736e-05 25.9547 5.44068
53 0.00725254 0.0153779 0.00171077 7.51736e-05 25.9547 5.44068
54 0.0942997 0.0322939 0.00171077 7.51736e-05 25.9547 5.44068
55 0.0151434 0.00312266 0.00171077 7.51736e-05 25.9547 5.44068
56 0.443299 0.884399 0.00171077 7.51736e-05 25.9547 5.44068
57 0.309021 0.00360858 0.00171077 7.51736e-05 25.9547 5.44068
58 0.00708055 0.00592131 0.00171077 7.51736e-05 25.9547 5.44068
59 0.0144586 0.00396249 0.00171077 7.51736e-05 25.9547 5.44068
60 0.0405025 0.114612 0.00171077 7.51736e-05 25.9547 5.44068
61 0.67556 0.419633 0.00171077 7.51736e-05 25.9547 5.44068
62 0.537437 2.66465 0.00171077 7.51736e-05 25.9547 5.44068
63 1.27379 0.0816244 0.00171077 7.51736e-05 25.9547 5.44068
64 0.0147861 0.00358427 0.00171077 7.51736e-05 25.9547 5.44068
65 0.00292191 0.00340722 0.00171077 7.51736e-05 25.9547 5.44068
66 0.00337359 0.00232618 0.00171077 7.51736e-05 25.9547 5.44068
67 0.00339682 0.001219 0.00171077 7.51736e-05 25.9547 5.44068
68 0.00628685 0.00120203 0.001219 3.69029e-05 21.9089 3.81198
69 0.00904101 0.0165258 0.00120203 3.5432e-05 21.7559 3.73524
70 0.271023 0.00247983 0.00120203 3.5432e-05 21.7559 3.73524
71 0.122811 2.65484 0.00120203 3.5432e-05 21.7559 3.73524
72 3.00592 0.126464 0.00120203 3.5432e-05 21.7559 3.73524
73 0.0235883 0.00803825 0.00120203 3.5432e-05 21.7559 3.73524
74 0.0104977 0.0259375 0.00120203 3.5432e-05 21.7559 3.73524
75 0.0110382 0.000948739 0.00120203 3.5432e-05 21.7559 3.73524
76 0.00255982 0.0036843 0.000948739 3.16637e-05 19.3283 3.53103
77 0.00203746 0.00613834 0.000948739 3.16637e-05 19.3283 3.53103
78 0.0034693 0.00596304 0.000948739 3.16637e-05 19.3283 3.53103
79 0.00260847 0.00179867 0.000948739 3.16637e-05 19.3283 3.53103
80 0.00433607 0.0338196 0.000948739 3.16637e-05 19.3283 3.53103
81 0.0190944 0.00533627 0.000948739 3.16637e-05 19.3283 3.53103
82 0.00611588 0.00528066 0.000948739 3.16637e-05 19.3283 3.53103
83 0.0102059 0.0418079 0.000948739 3.16637e-05 19.3283 3.53103
84 0.698209 1.9064 0.000948739 3.16637e-05 19.3283 3.53103
85 0.814777 1.69572 0.000948739 3.16637e-05 19.3283 3.53103
86 0.127013 0.00117859 0.000948739 3.16637e-05 19.3283 3.53103
87 0.00341408 0.00336949 0.000948739 3.16637e-05 19.3283 3.53103
88 0.00360131 0.00511239 0.000948739 3.16637e-05 19.3283 3.53103
89 0.00299913 0.00885879 0.000948739 3.16637e-05 19.3283 3.53103
90 0.057049 0.0686001 0.000948739 3.16637e-05 19.3283 3.53103
91 0.85526 0.0519899 0.000948739 3.16637e-05 19.3283 3.53103
92 0.0298547 0.00984657 0.000948739 3.16637e-05 19.3283 3.53103
93 0.0647198 0.00549923 0.000948739 3.16637e-05 19.3283 3.53103
94 0.0586123 0.331331 0.000948739 3.16637e-05 19.3283 3.53103
95 0.0449782 0.00137112 0.000948739 3.16637e-05 19.3283 3.53103
96 0.0226853 0.0504502 0.000948739 3.16637e-05 19.3283 3.53103
97 0.0646297 0.0371107 0.000948739 3.16637e-05 19.3283 3.53103
98 0.58807 0.0325739 0.000948739 3.16637e-05 19.3283 3.53103
99 0.360138 0.151724 0.000948739 3.16637e-05 19.3283 3.53103
100 0.0283258 0.00612045 0.000948739 3.16637e-05 19.3283 3.53103
101 0.0387466 0.241274 0.000948739 3.16637e-05 19.3283 3.53103
102 0.868959 1.09461 0.000948739 3.16637e-05 19.3283 3.53103
103 0.6243 0.144832 0.000948739 3.16637e-05 19.3283 3.53103
104 0.0269152 0.00414706 0.000948739 3.16637e-05 19.3283 3.53103
105 0.00210635 0.000899667 0.000948739 3.16637e-05 19.3283 3.53103
106 0.0015027 0.000920382 0.000899667 1.80327e-05 18.8218 2.66472
107 0.0151039 0.153136 0.000899667 1.80327e-05 18.8218 2.66472
108 0.52419 0.0620333 0.000899667 1.80327e-05 18.8218 2.66472
109 0.163539 0.00313537 0.000899667 1.80327e-05 18.8218 2.66472
110 0.00582147 0.000889809 0.000899667 1.80327e-05 18.8218 2.66472
111 0.00202816 0.0101799 0.000889809 1.64815e-05 18.7184 2.54753
112 0.0070652 0.000919684 0.000889809 1.64815e-05 18.7184 2.54753
113 0.045708 0.166657 0.000889809 1.64815e-05 18.7184 2.54753
114 0.677255 0.593796 0.000889809 1.64815e-05 18.7184 2.54753
115 0.0837367 0.00165148 0.000889809 1.64815e-05 18.7184 2.54753
116 0.0320753 0.0437823 0.000889809 1.64815e-05 18.7184 2.54753
117 0.0185502 0.0106548 0.000889809 1.64815e-05 18.7184 2.54753
118 0.0107508 0.00259365 0.000889809 1.64815e-05 18.7184 2.54753
119 0.0940596 0.393596 0.000889809 1.64815e-05 18.7184 2.54753
120 0.647839 1.01547 0.000889809 1.64815e-05 18.7184 2.54753
121 0.375897 0.070258 0.000889809 1.64815e-05 18.7184 2.54753
122 0.0146315 0.000791857 0.000889809 1.64815e-05 18.7184 2.54753
123 0.00213103 0.00297283 0.000791857 1.52963e-05 17.6581 2.45422
124 0.0172652 0.00945529 0.000791857 1.52963e-05 17.6581 2.45422
125 0.0101832 0.00133302 0.000791857 1.52963e-05 17.6581 2.45422
126 0.151879 0.678193 0.000791857 1.52963e-05 17.6581 2.45422
127 1.31203 0.0826997 0.000791857 1.52963e-05 17.6581 2.45422
128 0.0392364 0.00254657 0.000791857 1.52963e-05 17.6581 2.45422
129 0.00777854 0.000848182 0.000791857 1.52963e-05 17.6581 2.45422
130 0.00218708 0.00138903 0.000791857 1.52963e-05 17.6581 2.45422
131 0.00161877 0.000670896 0.000791857 1.52963e-05 17.6581 2.45422
132 0.00707727 0.00109186 0.000670896 1.39469e-05 16.2535 2.34347
133 0.00118795 0.00398289 0.000670896 1.39469e-05 16.2535 2.34347
134 0.030347 0.276507 0.000670896 1.39469e-05 16.2535 2.34347
135 0.818853 0.61311 0.000670896 1.39469e-05 16.2535 2.34347
136 0.75703 0.0449082 0.000670896 1.39469e-05 16.2535 2.34347
137 0.0142829 0.00546207 0.000670896 1.39469e-05 16.2535 2.34347
138 0.00242268 0.00209559 0.000670896 1.39469e-05 16.2535 2.34347
139 0.00122854 0.000868418 0.000670896 1.39469e-05 16.2535 2.34347
140 0.00339195 0.000777201 0.000670896 1.39469e-05 16.2535 2.34347
141 0.00349459 0.00209817 0.000670896 1.39469e-05 16.2535 2.34347
142 0.0122331 0.00559665 0.000670896 1.39469e-05 16.2535 2.34347
143 0.00596075 0.00823189 0.000670896 1.39469e-05 16.2535 2.34347
144 0.00338043 0.00297527 0.000670896 1.39469e-05 16.2535 2.34347
145 0.0131094 0.00285015 0.000670896 1.39469e-05 16.2535 2.34347
146 0.417963 0.064873 0.000670896 1.39469e-05 16.2535 2.34347
147 0.0266149 0.00179281 0.000670896 1.39469e-05 16.2535 2.34347
148 0.00583762 0.00215955 0.000670896 1.39469e-05 16.2535 2.34347
149 0.23819 0.472432 0.000670896 1.39469e-05 16.2535 2.34347
150 0.0274307 0.00352093 0.000670896 1.39469e-05 16.2535 2.34347
151 0.00233131 0.00638804 0.000670896 1.39469e-05 16.2535 2.34347
152 0.0199331 0.481296 0.000670896 1.39469e-05 16.2535 2.34347
153 0.180717 0.102076 0.000670896 1.39469e-05 16.2535 2.34347
154 0.0409208 0.00256494 0.000670896 1.39469e-05 16.2535 2.34347
155 0.192325 0.485828 0.000670896 1.39469e-05 16.2535 2.34347
156 0.250351 0.00953655 0.000670896 1.39469e-05 16.2535 2.34347
157 0.0454332 0.124243 0.000670896 1.39469e-05 16.2535 2.34347
158 0.0244688 0.0152812 0.000670896 1.39469e-05 16.2535 2.34347
159 0.0687858 0.116049 0.000670896 1.39469e-05 16.2535 2.34347
160 0.321487 0.0336143 0.000670896 1.39469e-05 16.2535 2.34347
161 0.0583565 0.00837524 0.000670896 1.39469e-05 16.2535 2.34347
162 0.112519 0.256778 0.000670896 1.39469e-05 16.2535 2.34347
163 0.0411749 0.000563718 0.000670896 1.39469e-05 16.2535 2.34347
164 0.00523208 0.00696503 0.000563718 1.14178e-05 14.8988 2.12037
165 0.334378 2.77011 0.000563718 1.14178e-05 14.8988 2.12037
166 0.714728 0.00234799 0.000563718 1.14178e-05 14.8988 2.12037
167 0.00791982 0.000544482 0.000563718 1.14178e-05 14.8988 2.12037
168 0.00188524 0.000822009 0.000544482 1.21319e-05 14.6424 2.18567
169 0.00173977 0.000561945 0.000544482 1.21319e-05 14.6424 2.18567
170 0.00126986 0.000447056 0.000544482 1.21319e-05 14.6424 2.18567
171 0.000746738 0.000746054 0.000447056 1.10643e-05 13.2679 2.08729
172 0.0039879 0.00113594 0.000447056 1.10643e-05 13.2679 2.08729
173 0.0018518 0.00058794 0.000447056 1.10643e-05 13.2679 2.08729
174 0.00305329 0.000899043 0.000447056 1.10643e-05 13.2679 2.08729
175 0.367629 0.634732 0.000447056 1.10643e-05 13.2679 2.08729
176 1.04559 0.0808864 0.000447056 1.10643e-05 13.2679 2.08729
177 0.0141558 0.000788136 0.000447056 1.10643e-05 13.2679 2.08729
178 0.00108344 0.0012136 0.000447056 1.10643e-05 13.2679 2.08729
179 0.000882241 0.00140303 0.000447056 1.10643e-05 13.2679 2.08729
180 0.000771676 0.000746534 0.000447056 1.10643e-05 13.2679 2.08729
181 0.00157333 0.00263995 0.000447056 1.10643e-05 13.2679 2.08729
182 0.000887811 0.00206807 0.000447056 1.10643e-05 13.2679 2.08729
183 0.00181214 0.00647008 0.000447056 1.10643e-05 13.2679 2.08729
184 0.00437586 0.0005243 0.000447056 1.10643e-05 13.2679 2.08729
185 0.0401676 0.536641 0.000447056 1.10643e-05 13.2679 2.08729
186 1.91976 0.207878 0.000447056 1.10643e-05 13.2679 2.08729
187 0.0555626 0.017833 0.000447056 1.10643e-05 13.2679 2.08729
188 0.00311251 0.00108583 0.000447056 1.10643e-05 13.2679 2.08729
189 0.000873289 0.00110956 0.000447056 1.10643e-05 13.2679 2.08729
190 0.00118788 0.00133024 0.000447056 1.10643e-05 13.2679 2.08729
191 0.00117052 0.000794381 0.000447056 1.10643e-05 13.2679 2.08729
192 0.00104636 0.00192876 0.000447056 1.10643e-05 13.2679 2.08729
193 0.000893603 0.00110702 0.000447056 1.10643e-05 13.2679 2.08729
194 0.000978136 0.00072512 0.000447056 1.10643e-05 13.2679 2.08729
195 0.00180488 0.00198114 0.000447056 1.10643e-05 13.2679 2.08729
196 0.00133795 0.00245136 0.000447056 1.10643e-05 13.2679 2.08729
197 0.00258474 0.00326168 0.000447056 1.10643e-05 13.2679 2.08729
198 0.00219197 0.000643528 0.000447056 1.10643e-05 13.2679 2.08729
199 0.00180933 0.00127866 0.000447056 1.10643e-05 13.2679 2.08729
200 0.00428325 0.0123919 0.000447056 1.10643e-05 13.2679 2.08729
201 0.0060035 0.00107934 0.000447056 1.10643e-05 13.2679 2.08729
202 0.0478374 0.0953343 0.000447056 1.10643e-05 13.2679 2.08729
203 0.103491 0.00695718 0.000447056 1.10643e-05 13.2679 2.08729
204 0.00485827 0.000397525 0.000447056 1.10643e-05 13.2679 2.08729
205 0.00169958 0.00671379 0.000397525 9.32391e-06 12.5113 1.9161
206 0.00207777 0.00222491 0.000397525 9.32391e-06 12.5113 1.9161
207 0.0322281 0.00169276 0.000397525 9.32391e-06 12.5113 1.9161
208 0.0264675 0.299557 0.000397525 9.32391e-06 12.5113 1.9161
209 0.100641 3.90638 0.000397525 9.32391e-06 12.5113 1.9161
210 0.715141 0.0191526 0.000397525 9.32391e-06 12.5113 1.9161
211 0.010338 0.00370838 0.000397525 9.32391e-06 12.5113 1.9161
212 0.00107567 0.000618673 0.000397525 9.32391e-06 12.5113 1.9161
213 0.000924152 0.000598008 0.000397525 9.32391e-06 12.5113 1.9161
214 0.00174164 0.00144369 0.000397525 9.32391e-06 12.5113 1.9161
215 0.00230886 0.00117361 0.000397525 9.32391e-06 12.5113 1.9161
216 0.00192709 0.0034265 0.000397525 9.32391e-06 12.5113 1.9161
217 0.00753481 0.00110966 0.000397525 9.32391e-06 12.5113 1.9161
218 0.0716189 0.436723 0.000397525 9.32391e-06 12.5113 1.9161
219 0.0792742 0.0100217 0.000397525 9.32391e-06 12.5113 1.9161
220 0.0676762 0.00828932 0.000397525 9.32391e-06 12.5113 1.9161
221 0.0187159 0.017695 0.000397525 9.32391e-06 12.5113 1.9161
222 0.0065474 0.000421332 0.000397525 9.32391e-06 12.5113 1.9161
223 0.0637952 0.00323669 0.000397525 9.32391e-06 12.5113 1.9161
224 0.0136362 0.0256702 0.000397525 9.32391e-06 12.5113 1.9161
225 0.109053 0.0331409 0.000397525 9.32391e-06 12.5113 1.9161
226 0.0691499 0.00435457 0.000397525 9.32391e-06 12.5113 1.9161
227 0.00294863 0.00106679 0.000397525 9.32391e-06 12.5113 1.9161
228 0.00201814 0.0107437 0.000397525 9.32391e-06 12.5113 1.9161
229 0.155488 0.000820227 0.000397525 9.32391e-06 12.5113 1.9161
230 0.0110704 0.0145201 0.000397525 9.32391e-06 12.5113 1.9161
231 0.0466166 0.00201652 0.000397525 9.32391e-06 12.5113 1.9161
232 0.00643745 0.00674765 0.000397525 9.32391e-06 12.5113 1.9161
233 0.0246014 0.0483158 0.000397525 9.32391e-06 12.5113 1.9161
234 0.0935653 0.00421838 0.000397525 9.32391e-06 12.5113 1.9161
235 0.00296551 0.000361083 0.000397525 9.32391e-06 12.5113 1.9161
236 0.203143 0.0705662 0.000361083 8.56696e-06 11.9241 1.83668
237 0.0434394 0.00488251 0.000361083 8.56696e-06 11.9241 1.83668
238 0.00140845 0.000421709 0.000361083 8.56696e-06 11.9241 1.83668
239 0.00760964 0.00121207 0.000361083 8.56696e-06 11.9241 1.83668
240 0.121923 0.0517131 0.000361083 8.56696e-06 11.9241 1.83668
241 0.0360232 0.00258044 0.000361083 8.56696e-06 11.9241 1.83668
242 0.0128091 0.00552549 0.000361083 8.56696e-06 11.9241 1.83668
243 0.0134413 0.00204535 0.000361083 8.56696e-06 11.9241 1.83668
244 0.0516592 0.0741717 0.000361083 8.56696e-06 11.9241 1.83668
245 0.0241589 0.0941808 0.000361083 8.56696e-06 11.9241 1.83668
246 0.0910256 0.0298311 0.000361083 8.56696e-06 11.9241 1.83668
247 0.0120036 0.00156954 0.000361083 8.56696e-06 11.9241 1.83668
248 0.0440028 0.0454242 0.000361083 8.56696e-06 11.9241 1.83668
249 0.0271053 0.000543505 0.000361083 8.56696e-06 11.9241 1.83668
250 0.016738 0.00452559 0.000361083 8.56696e-06 11.9241 1.83668
251 0.099179 0.0111774 0.000361083 8.56696e-06 11.9241 1.83668
252 0.144825 0.0171036 0.000361083 8.56696e-06 11.9241 1.83668
253 0.0835721 0.149754 0.000361083 8.56696e-06 11.9241 1.83668
254 0.0897853 0.046598 0.000361083 8.56696e-06 11.9241 1.83668
255 0.00565742 0.00173189 0.000361083 8.56696e-06 11.9241 1.83668
256 0.0029216 0.000359279 0.000361083 8.56696e-06 11.9241 1.83668
257 0.0119722 0.000434132 0.000359279 8.01269e-06 11.8942 1.77627
258 0.00384985 0.016532 0.000359279 8.01269e-06 11.8942 1.77627
259 0.148176 0.31154 0.000359279 8.01269e-06 11.8942 1.77627
260 0.0696158 0.000338201 0.000359279 8.01269e-06 11.8942 1.77627
261 0.000619168 0.000672978 0.000338201 7.99602e-06 11.54 1.77442
262 0.006942 0.00343845 0.000338201 7.99602e-06 11.54 1.77442
263 0.0106861 0.00872477 0.000338201 7.99602e-06 11.54 1.77442
264 0.0932389 0.236136 0.000338201 7.99602e-06 11.54 1.77442
265 0.038883 0.100712 0.000338201 7.99602e-06 11.54 1.77442
266 0.0839432 0.0356662 0.000338201 7.99602e-06 11.54 1.77442
267 0.131901 0.10487 0.000338201 7.99602e-06 11.54 1.77442
268 0.0225185 0.00344512 0.000338201 7.99602e-06 11.54 1.77442
269 0.00255925 0.00209201 0.000338201 7.99602e-06 11.54 1.77442
270 0.000827549 0.00056761 0.000338201 7.99602e-06 11.54 1.77442
271 0.0126584 0.0140246 0.000338201 7.99602e-06 11.54 1.77442
272 0.0252416 0.000722281 0.000338201 7.99602e-06 11.54 1.77442
273 0.0512463 0.184078 0.000338201 7.99602e-06 11.54 1.77442
274 0.0707576 0.0376859 0.000338201 7.99602e-06 11.54 1.77442
275 0.0705774 0.089976 0.000338201 7.99602e-06 11.54 1.77442
276 0.0302353 0.0199017 0.000338201 7.99602e-06 11.54 1.77442
277 0.00673986 0.000650724 0.000338201 7.99602e-06 11.54 1.77442
278 0.00131 0.00188537 0.000338201 7.99602e-06 11.54 1.77442
279 0.0823553 0.0953467 0.000338201 7.99602e-06 11.54 1.77442
280 0.0435871 0.0137055 0.000338201 7.99602e-06 11.54 1.77442
281 0.00253769 0.00767245 0.000338201 7.99602e-06 11.54 1.77442
282 0.0662683 0.0113536 0.000338201 7.99602e-06 11.54 1.77442
283 0.0418513 0.0263113 0.000338201 7.99602e-06 11.54 1.77442
284 0.00338103 0.00759346 0.000338201 7.99602e-06 11.54 1.77442
285 0.0212525 0.0158219 0.000338201 7.99602e-06 11.54 1.77442
286 0.0235081 0.00191474 0.000338201 7.99602e-06 11.54 1.77442
287 0.0607221 0.000280692 0.000338201 7.99602e-06 11.54 1.77442
288 0.0434057 0.0252551 0.000280692 7.2892e-06 10.5132 1.69418
289 0.0192424 0.0168974 0.000280692 7.2892e-06 10.5132 1.69418
290 0.0927568 0.00885263 0.000280692 7.2892e-06 10.5132 1.69418
291 0.00498783 0.0050714 0.000280692 7.2892e-06 10.5132 1.69418
292 0.0100025 0.00138854 0.000280692 7.2892e-06 10.5132 1.69418
293 0.00139247 0.000371173 0.000280692 7.2892e-06 10.5132 1.69418
294 0.357113 0.444761 0.000280692 7.2892e-06 10.5132 1.69418
295 0.071413 0.00485618 0.000280692 7.2892e-06 10.5132 1.69418
296 0.00204678 0.0014505 0.000280692 7.2892e-06 10.5132 1.69418
297 0.000898591 0.000567163 0.000280692 7.2892e-06 10.5132 1.69418
298 0.00168197 0.00206026 0.000280692 7.2892e-06 10.5132 1.69418
299 0.00127848 0.00134745 0.000280692 7.2892e-06 10.5132 1.69418
300 0.00343184 0.0173164 0.000280692 7.2892e-06 10.5132 1.69418
301 0.0406891 0.00197002 0.000280692 7.2892e-06 10.5132 1.69418
302 0.00165612 0.0102377 0.000280692 7.2892e-06 10.5132 1.69418
303 0.137402 0.156883 0.000280692 7.2892e-06 10.5132 1.69418
304 0.0262398 0.000738239 0.000280692 7.2892e-06 10.5132 1.69418
305 0.00163038 0.00461446 0.000280692 7.2892e-06 10.5132 1.69418
306 0.0102959 0.0013763 0.000280692 7.2892e-06 10.5132 1.69418
307 0.0110314 0.00876931 0.000280692 7.2892e-06 10.5132 1.69418
308 0.0406825 0.0194098 0.000280692 7.2892e-06 10.5132 1.69418
309 0.00564683 0.00423569 0.000280692 7.2892e-06 10.5132 1.69418
310 0.0157492 0.0539564 0.000280692 7.2892e-06 10.5132 1.69418
311 0.0675836 0.00424538 0.000280692 7.2892e-06 10.5132 1.69418
312 0.00456542 0.016161 0.000280692 7.2892e-06 10.5132 1.69418
313 0.0717121 0.00508192 0.000280692 7.2892e-06 10.5132 1.69418
314 0.00147689 0.000421242 0.000280692 7.2892e-06 10.5132 1.69418
315 0.0158203 0.0151268 0.000280692 7.2892e-06 10.5132 1.69418
316 0.0549148 0.00686501 0.000280692 7.2892e-06 10.5132 1.69418
317 0.003609 0.0005788 0.000280692 7.2892e-06 10.5132 1.69418
318 0.0268592 0.0143667 0.000280692 7.2892e-06 10.5132 1.69418
319 0.0905055 0.00699165 0.000280692 7.2892e-06 10.5132 1.69418
320 0.0131667 0.00336539 0.000280692 7.2892e-06 10.5132 1.69418
321 0.00567122 0.0171006 0.000280692 7.2892e-06 10.5132 1.69418
322 0.0253454 0.142426 0.000280692 7.2892e-06 10.5132 1.69418
323 0.0609375 0.0188791 0.000280692 7.2892e-06 10.5132 1.69418
324 0.0193149 0.216323 0.000280692 7.2892e-06 10.5132 1.69418
325 0.0621112 0.0127092 0.000280692 7.2892e-06 10.5132 1.69418
326 0.00919638 0.0336726 0.000280692 7.2892e-06 10.5132 1.69418
327 0.00762794 0.000488522 0.000280692 7.2892e-06 10.5132 1.69418
328 0.081916 0.0238567 0.000280692 7.2892e-06 10.5132 1.69418
329 0.0623046 0.000681454 0.000280692 7.2892e-06 10.5132 1.69418
330 0.0020094 0.000725856 0.000280692 7.2892e-06 10.5132 1.69418
331 0.00202488 0.00136366 0.000280692 7.2892e-06 10.5132 1.69418
332 0.028051 0.0129574 0.000280692 7.2892e-06 10.5132 1.69418
333 0.0640433 0.012986 0.000280692 7.2892e-06 10.5132 1.69418
334 0.00358272 0.00483075 0.000280692 7.2892e-06 10.5132 1.69418
335 0.0165404 0.0242514 0.000280692 7.2892e-06 10.5132 1.69418
336 0.0245902 0.0391045 0.000280692 7.2892e-06 10.5132 1.69418
337 0.0400004 0.0500805 0.000280692 7.2892e-06 10.5132 1.69418
338 0.0100609 0.019222 0.000280692 7.2892e-06 10.5132 1.69418
339 0.0032977 0.000895796 0.000280692 7.2892e-06 10.5132 1.69418
340 0.0149567 0.000635732 0.000280692 7.2892e-06 10.5132 1.69418
341 0.0597965 0.0194605 0.000280692 7.2892e-06 10.5132 1.69418
342 0.0657938 0.121603 0.000280692 7.2892e-06 10.5132 1.69418
343 0.108429 0.1073 0.000280692 7.2892e-06 10.5132 1.69418
344 0.0205185 0.000881742 0.000280692 7.2892e-06 10.5132 1.69418
345 0.0009734 0.000374426 0.000280692 7.2892e-06 10.5132 1.69418
346 0.00127075 0.00057603 0.000280692 7.2892e-06 10.5132 1.69418
347 0.00170906 0.000878533 0.000280692 7.2892e-06 10.5132 1.69418
348 0.00312263 0.00155195 0.000280692 7.2892e-06 10.5132 1.69418
349 0.0133696 0.0363832 0.000280692 7.2892e-06 10.5132 1.69418
350 0.20634 0.0537697 0.000280692 7.2892e-06 10.5132 1.69418
351 0.00698275 0.000496973 0.000280692 7.2892e-06 10.5132 1.69418
352 0.00077068 0.000810975 0.000280692 7.2892e-06 10.5132 1.69418
353 0.00220623 0.000953704 0.000280692 7.2892e-06 10.5132 1.69418
354 0.0113399 0.0104382 0.000280692 7.2892e-06 10.5132 1.69418
355 0.0155259 0.00621635 0.000280692 7.2892e-06 10.5132 1.69418
356 0.0129796 0.000852949 0.000280692 7.2892e-06 10.5132 1.69418
357 0.0491088 0.047586 0.000280692 7.2892e-06 10.5132 1.69418
358 0.0492125 0.0121342 0.000280692 7.2892e-06 10.5132 1.69418
359 0.00886065 0.00630375 0.000280692 7.2892e-06 10.5132 1.69418
360 0.00666798 0.00573953 0.000280692 7.2892e-06 10.5132 1.69418
361 0.00862301 0.104172 0.000280692 7.2892e-06 10.5132 1.69418
362 0.0259462 0.0619904 0.000280692 7.2892e-06 10.5132 1.69418
363 0.0182691 0.0272359 0.000280692 7.2892e-06 10.5132 1.69418
364 0.0331413 0.00234868 0.000280692 7.2892e-06 10.5132 1.69418
365 0.0135423 0.000776377 0.000280692 7.2892e-06 10.5132 1.69418
366 0.0217269 0.0142079 0.000280692 7.2892e-06 10.5132 1.69418
367 0.0180049 0.0035135 0.000280692 7.2892e-06 10.5132 1.69418
368 0.0124284 0.000723566 0.000280692 7.2892e-06 10.5132 1.69418
369 0.00612391 0.0010444 0.000280692 7.2892e-06 10.5132 1.69418
370 0.137748 0.253607 0.000280692 7.2892e-06 10.5132 1.69418
371 0.0390077 0.000853845 0.000280692 7.2892e-06 10.5132 1.69418
372 0.00129274 0.00919785 0.000280692 7.2892e-06 10.5132 1.69418
373 0.00496762 0.00135263 0.000280692 7.2892e-06 10.5132 1.69418
374 0.00787416 0.0209305 0.000280692 7.2892e-06 10.5132 1.69418
375 0.0237583 0.00727999 0.000280692 7.2892e-06 10.5132 1.69418
376 0.0255177 0.00823054 0.000280692 7.2892e-06 10.5132 1.69418
377 0.0113116 0.00852735 0.000280692 7.2892e-06 10.5132 1.69418
378 0.00464154 0.000609842 0.000280692 7.2892e-06 10.5132 1.69418
379 0.0352546 0.12934 0.000280692 7.2892e-06 10.5132 1.69418
380 8.35176 0.299606 0.000280692 7.2892e-06 10.5132 1.69418
381 0.253057 0.0314136 0.000280692 7.2892e-06 10.5132 1.69418
382 0.0145102 0.00786873 0.000280692 7.2892e-06 10.5132 1.69418
383 0.00670742 0.00488298 0.000280692 7.2892e-06 10.5132 1.69418
384 0.00422601 0.00280715 0.000280692 7.2892e-06 10.5132 1.69418
385 0.00290796 0.00168628 0.000280692 7.2892e-06 10.5132 1.69418
386 0.0018239 0.00144073 0.000280692 7.2892e-06 10.5132 1.69418
387 0.00174438 0.00173971 0.000280692 7.2892e-06 10.5132 1.69418
388 0.0012136 0.000910525 0.000280692 7.2892e-06 10.5132 1.69418
389 0.00107848 0.000989604 0.000280692 7.2892e-06 10.5132 1.69418
390 0.000970571 0.000854213 0.000280692 7.2892e-06 10.5132 1.69418
391 0.000920475 0.000747187 0.000280692 7.2892e-06 10.5132 1.69418
392 0.000913293 0.00112027 0.000280692 7.2892e-06 10.5132 1.69418
393 0.000828778 0.000604119 0.000280692 7.2892e-06 10.5132 1.69418
394 0.000812496 0.000641831 0.000280692 7.2892e-06 10.5132 1.69418
395 0.000855515 0.000674296 0.000280692 7.2892e-06 10.5132 1.69418
396 0.000779349 0.000661697 0.000280692 7.2892e-06 10.5132 1.69418
397 0.000750184 0.000556989 0.000280692 7.2892e-06 10.5132 1.69418
398 0.000769385 0.000490488 0.000280692 7.2892e-06 10.5132 1.69418
399 0.000679513 0.000536726 0.000280692 7.2892e-06 10.5132 1.69418
400 0.000663175 0.000450363 0.000280692 7.2892e-06 10.5132 1.69418
401 0.000687221 0.000477018 0.000280692 7.2892e-06 10.5132 1.69418
402 0.000674717 0.000563116 0.000280692 7.2892e-06 10.5132 1.69418
403 0.000691538 0.000817791 0.000280692 7.2892e-06 10.5132 1.69418
404 0.000628298 0.000549677 0.000280692 7.2892e-06 10.5132 1.69418
405 0.000595327 0.000643607 0.000280692 7.2892e-06 10.5132 1.69418
406 0.000594728 0.000464383 0.000280692 7.2892e-06 10.5132 1.69418
407 0.000539279 0.000482255 0.000280692 7.2892e-06 10.5132 1.69418
408 0.000619251 0.000474954 0.000280692 7.2892e-06 10.5132 1.69418
409 0.000543167 0.000341926 0.000280692 7.2892e-06 10.5132 1.69418
410 0.000553572 0.000506627 0.000280692 7.2892e-06 10.5132 1.69418
411 0.00052275 0.000384969 0.000280692 7.2892e-06 10.5132 1.69418
412 0.000515053 0.000583062 0.000280692 7.2892e-06 10.5132 1.69418
413 0.000564166 0.000528157 0.000280692 7.2892e-06 10.5132 1.69418
414 0.000655371 0.000302421 0.000280692 7.2892e-06 10.5132 1.69418
415 0.000697742 0.000351837 0.000280692 7.2892e-06 10.5132 1.69418
416 0.000511912 0.000522774 0.000280692 7.2892e-06 10.5132 1.69418
417 0.000436926 0.000514707 0.000280692 7.2892e-06 10.5132 1.69418
418 0.000475067 0.000480531 0.000280692 7.2892e-06 10.5132 1.69418
419 0.000535887 0.000605241 0.000280692 7.2892e-06 10.5132 1.69418
420 0.000635052 0.000364212 0.000280692 7.2892e-06 10.5132 1.69418
421 0.000555002 0.000387083 0.000280692 7.2892e-06 10.5132 1.69418
422 0.000661018 0.000276998 0.000280692 7.2892e-06 10.5132 1.69418
423 0.000688902 0.00039245 0.000276998 9.28474e-06 10.4438 1.91208
424 0.00109822 0.00203328 0.000276998 9.28474e-06 10.4438 1.91208
425 0.000683636 0.000396117 0.000276998 9.28474e-06 10.4438 1.91208
426 0.000513358 0.000399543 0.000276998 9.28474e-06 10.4438 1.91208
427 0.000523498 0.000409553 0.000276998 9.28474e-06 10.4438 1.91208
428 0.000605912 0.000533915 0.000276998 9.28474e-06 10.4438 1.91208
429 0.000732159 0.000632809 0.000276998 9.28474e-06 10.4438 1.91208
430 0.000447246 0.000334194 0.000276998 9.28474e-06 10.4438 1.91208
431 0.000516218 0.000347267 0.000276998 9.28474e-06 10.4438 1.91208
432 0.000480438 0.000510748 0.000276998 9.28474e-06 10.4438 1.91208
433 0.000490303 0.000462721 0.000276998 9.28474e-06 10.4438 1.91208
434 0.000917849 0.000399986 0.000276998 9.28474e-06 10.4438 1.91208
435 0.000754031 0.000557503 0.000276998 9.28474e-06 10.4438 1.91208
436 0.000542816 0.000475019 0.000276998 9.28474e-06 10.4438 1.91208
437 0.000667332 0.00119799 0.000276998 9.28474e-06 10.4438 1.91208
438 0.000799836 0.000375622 0.000276998 9.28474e-06 10.4438 1.91208
439 0.000845531 0.000474236 0.000276998 9.28474e-06 10.4438 1.91208
440 0.000773983 0.00169788 0.000276998 9.28474e-06 10.4438 1.91208
441 0.000663162 0.000361784 0.000276998 9.28474e-06 10.4438 1.91208
442 0.000662216 0.000534385 0.000276998 9.28474e-06 10.4438 1.91208
443 0.000794102 0.00213507 0.000276998 9.28474e-06 10.4438 1.91208
444 0.000911093 0.000612894 0.000276998 9.28474e-06 10.4438 1.91208
445 0.00087688 0.000276663 0.000276998 9.28474e-06 10.4438 1.91208
446 0.00161292 0.0015313 0.000276663 7.74402e-06 10.4375 1.74624
447 0.00121432 0.000335664 0.000276663 7.74402e-06 10.4375 1.74624
448 0.00299905 0.00224253 0.000276663 7.74402e-06 10.4375 1.74624
449 0.00101913 0.00227827 0.000276663 7.74402e-06 10.4375 1.74624
450 0.00148638 0.00218617 0.000276663 7.74402e-06 10.4375 1.74624
451 0.00241679 0.000703087 0.000276663 7.74402e-06 10.4375 1.74624
452 0.00172024 0.00128415 0.000276663 7.74402e-06 10.4375 1.74624
453 0.000818872 0.00402064 0.000276663 7.74402e-06 10.4375 1.74624
454 0.00494241 0.00256869 0.000276663 7.74402e-06 10.4375 1.74624
455 0.000990441 0.000206605 0.000276663 7.74402e-06 10.4375 1.74624
456 0.00148146 0.0010701 0.000206605 7.57401e-06 9.01966 1.72696
457 0.0012939 0.00127556 0.000206605 7.57401e-06 9.01966 1.72696
458 0.000822566 0.000341844 0.000206605 7.57401e-06 9.01966 1.72696
459 0.00106802 0.000669633 0.000206605 7.57401e-06 9.01966 1.72696
460 0.00254534 0.00168257 0.000206605 7.57401e-06 9.01966 1.72696
461 0.001357 0.0114679 0.000206605 7.57401e-06 9.01966 1.72696
462 0.010592 0.00150341 0.000206605 7.57401e-06 9.01966 1.72696
463 0.00542787 0.000390089 0.000206605 7.57401e-06 9.01966 1.72696
464 0.00122687 0.00134005 0.000206605 7.57401e-06 9.01966 1.72696
465 0.0026151 0.000464981 0.000206605 7.57401e-06 9.01966 1.72696
466 0.000913027 0.00426179 0.000206605 7.57401e-06 9.01966 1.72696
467 0.00167484 0.00043331 0.000206605 7.57401e-06 9.01966 1.72696
468 0.00443547 0.017833 0.000206605 7.57401e-06 9.01966 1.72696
469 0.0524059 0.0327577 0.000206605 7.57401e-06 9.01966 1.72696
470 0.00761435 0.00103711 0.000206605 7.57401e-06 9.01966 1.72696
471 0.000756935 0.000951296 0.000206605 7.57401e-06 9.01966 1.72696
472 0.00052334 0.000540937 0.000206605 7.57401e-06 9.01966 1.72696
473 0.000914161 0.000211133 0.000206605 7.57401e-06 9.01966 1.72696
474 0.000546605 0.000333374 0.000206605 7.57401e-06 9.01966 1.72696
475 0.000828603 0.000267287 0.000206605 7.57401e-06 9.01966 1.72696
476 0.00126243 0.00338052 0.000206605 7.57401e-06 9.01966 1.72696
477 0.00191822 0.000324117 0.000206605 7.57401e-06 9.01966 1.72696
478 0.000859243 0.00170794 0.000206605 7.57401e-06 9.01966 1.72696
479 0.00114225 0.000985461 0.000206605 7.57401e-06 9.01966 1.72696
480 0.00208683 0.00112816 0.000206605 7.57401e-06 9.01966 1.72696
481 0.00436518 0.00609391 0.000206605 7.57401e-06 9.01966 1.72696
482 0.0241042 0.00351046 0.000206605 7.57401e-06 9.01966 1.72696
483 0.00206177 0.000765785 0.000206605 7.57401e-06 9.01966 1.72696
484 0.000675468 0.00133092 0.000206605 7.57401e-06 9.01966 1.72696
485 0.000920367 0.000293106 0.000206605 7.57401e-06 9.01966 1.72696
486 0.00124174 0.000332004 0.000206605 7.57401e-06 9.01966 1.72696
487 0.00274507 0.000736649 0.000206605 7.57401e-06 9.01966 1.72696
488 0.00760731 0.0033005 0.000206605 7.57401e-06 9.01966 1.72696
489 0.00231987 0.000485625 0.000206605 7.57401e-06 9.01966 1.72696
490 0.00637165 0.00679836 0.000206605 7.57401e-06 9.01966 1.72696
491 0.00425475 0.00348374 0.000206605 7.57401e-06 9.01966 1.72696
492 0.00312452 0.000665074 0.000206605 7.57401e-06 9.01966 1.72696
493 0.00374358 0.0105699 0.000206605 7.57401e-06 9.01966 1.72696
494 0.0155974 0.000486949 0.000206605 7.57401e-06 9.01966 1.72696
495 0.00847105 0.0354034 0.000206605 7.57401e-06 9.01966 1.72696
496 0.0347484 0.0107605 0.000206605 7.57401e-06 9.01966 1.72696
497 0.00661223 0.00158417 0.000206605 7.57401e-06 9.01966 1.72696
498 0.00174401 0.00176496 0.000206605 7.57401e-06 9.01966 1.72696
499 0.00361495 0.00810145 0.000206605 7.57401e-06 9.01966 1.72696
500 0.00232432 0.000700067 0.000206605 7.57401e-06 9.01966 1.72696
501 0.00309475 0.0181717 0.000206605 7.57401e-06 9.01966 1.72696
502 0.0033872 0.0013755 0.000206605 7.57401e-06 9.01966 1.72696
503 0.0041521 0.000428373 0.000206605 7.57401e-06 9.01966 1.72696
504 0.00232477 0.00362522 0.000206605 7.57401e-06 9.01966 1.72696
505 0.00193584 0.00255309 0.000206605 7.57401e-06 9.01966 1.72696
506 0.00395164 0.000417447 0.000206605 7.57401e-06 9.01966 1.72696
507 0.00207402 0.000545232 0.000206605 7.57401e-06 9.01966 1.72696
508 0.0042638 0.0193589 0.000206605 7.57401e-06 9.01966 1.72696
509 0.0063634 0.000807421 0.000206605 7.57401e-06 9.01966 1.72696
510 0.00608881 0.000576649 0.000206605 7.57401e-06 9.01966 1.72696
511 0.00549971 0.000938923 0.000206605 7.57401e-06 9.01966 1.72696
512 0.00650049 0.02268 0.000206605 7.57401e-06 9.01966 1.72696
513 0.00329744 0.00163344 0.000206605 7.57401e-06 9.01966 1.72696
514 0.00683389 0.000523708 0.000206605 7.57401e-06 9.01966 1.72696
515 0.0125791 0.0639793 0.000206605 7.57401e-06 9.01966 1.72696
516 0.00468899 0.00117342 0.000206605 7.57401e-06 9.01966 1.72696
517 0.0108405 0.0171347 0.000206605 7.57401e-06 9.01966 1.72696
518 0.00550621 0.00187455 0.000206605 7.57401e-06 9.01966 1.72696
519 0.00248531 0.00803382 0.000206605 7.57401e-06 9.01966 1.72696
520 0.00562316 0.0139852 0.000206605 7.57401e-06 9.01966 1.72696
521 0.0165716 0.00352439 0.000206605 7.57401e-06 9.01966 1.72696
522 0.00281531 0.000664095 0.000206605 7.57401e-06 9.01966 1.72696
523 0.00101606 0.000969999 0.000206605 7.57401e-06 9.01966 1.72696
524 0.00441858 0.00493805 0.000206605 7.57401e-06 9.01966 1.72696
525 0.00471977 0.000856158 0.000206605 7.57401e-06 9.01966 1.72696
526 0.00244577 0.0173137 0.000206605 7.57401e-06 9.01966 1.72696
527 0.00414797 0.00123405 0.000206605 7.57401e-06 9.01966 1.72696
528 0.00216423 0.000715733 0.000206605 7.57401e-06 9.01966 1.72696
529 0.0268931 0.0962706 0.000206605 7.57401e-06 9.01966 1.72696
530 0.00611603 0.0018287 0.000206605 7.57401e-06 9.01966 1.72696
531 0.00247578 0.00111551 0.000206605 7.57401e-06 9.01966 1.72696
532 0.00573546 0.0123439 0.000206605 7.57401e-06 9.01966 1.72696
533 0.0019338 0.000365492 0.000206605 7.57401e-06 9.01966 1.72696
534 0.00239701 0.00269273 0.000206605 7.57401e-06 9.01966 1.72696
535 0.0111253 0.003682 0.000206605 7.57401e-06 9.01966 1.72696
536 0.0207936 0.029021 0.000206605 7.57401e-06 9.01966 1.72696
537 0.00667544 0.0047478 0.000206605 7.57401e-06 9.01966 1.72696
538 0.00107725 0.000204594 0.000206605 7.57401e-06 9.01966 1.72696
539 0.000744616 0.000872347 0.000204594 6.46293e-06 8.97567 1.59527
540 0.00249589 0.000522486 0.000204594 6.46293e-06 8.97567 1.59527
541 0.0156289 0.0400516 0.000204594 6.46293e-06 8.97567 1.59527
542 0.0099513 0.00149334 0.000204594 6.46293e-06 8.97567 1.59527
543 0.000936128 0.0012829 0.000204594 6.46293e-06 8.97567 1.59527
544 0.00490253 0.00535858 0.000204594 6.46293e-06 8.97567 1.59527
545 0.00346831 0.00231935 0.000204594 6.46293e-06 8.97567 1.59527
546 0.00152379 0.000920798 0.000204594 6.46293e-06 8.97567 1.59527
547 0.00153259 0.00195392 0.000204594 6.46293e-06 8.97567 1.59527
548 0.0265681 0.0485592 0.000204594 6.46293e-06 8.97567 1.59527
549 0.00898014 0.000811934 0.000204594 6.46293e-06 8.97567 1.59527
550 0.000650077 0.000594266 0.000204594 6.46293e-06 8.97567 1.59527
551 0.000955342 0.000204168 0.000204594 6.46293e-06 8.97567 1.59527
552 0.00153189 0.00261383 0.000204168 5.98478e-06 8.96631 1.53513
553 0.00569206 0.00249669 0.000204168 5.98478e-06 8.96631 1.53513
554 0.00512396 0.00114134 0.000204168 5.98478e-06 8.96631 1.53513
555 0.00233603 0.00645904 0.000204168 5.98478e-06 8.96631 1.53513
556 0.0241855 0.000612115 0.000204168 5.98478e-06 8.96631 1.53513
557 0.028912 0.00344651 0.000204168 5.98478e-06 8.96631 1.53513
558 0.00233781 0.00216906 0.000204168 5.98478e-06 8.96631 1.53513
559 0.00105552 0.000306166 0.000204168 5.98478e-06 8.96631 1.53513
560 0.0005156 0.00101213 0.000204168 5.98478e-06 8.96631 1.53513
561 0.00074087 0.00641019 0.000204168 5.98478e-06 8.96631 1.53513
562 0.00230412 0.000276411 0.000204168 5.98478e-06 8.96631 1.53513
563 0.002204 0.00227932 0.000204168 5.98478e-06 8.96631 1.53513
564 0.00506781 0.00905906 0.000204168 5.98478e-06 8.96631 1.53513
565 0.00189834 0.0003965 0.000204168 5.98478e-06 8.96631 1.53513
566 0.00579999 0.00160324 0.000204168 5.98478e-06 8.96631 1.53513
567 0.00162685 0.00135069 0.000204168 5.98478e-06 8.96631 1.53513
568 0.00122526 0.00125921 0.000204168 5.98478e-06 8.96631 1.53513
569 0.00623394 0.000242741 0.000204168 5.98478e-06 8.96631 1.53513
570 0.00615951 0.000353256 0.000204168 5.98478e-06 8.96631 1.53513
571 0.035332 0.0268819 0.000204168 5.98478e-06 8.96631 1.53513
572 0.0437745 0.0137929 0.000204168 5.98478e-06 8.96631 1.53513
573 0.0081306 0.00518564 0.000204168 5.98478e-06 8.96631 1.53513
574 0.00167038 0.00329348 0.000204168 5.98478e-06 8.96631 1.53513
575 0.00100269 0.00103477 0.000204168 5.98478e-06 8.96631 1.53513
576 0.000551312 0.000749041 0.000204168 5.98478e-06 8.96631 1.53513
577 0.00221859 0.00158767 0.000204168 5.98478e-06 8.96631 1.53513
578 0.00246984 0.00305473 0.000204168 5.98478e-06 8.96631 1.53513
579 0.00351252 0.00253697 0.000204168 5.98478e-06 8.96631 1.53513
580 0.00334703 0.000542379 0.000204168 5.98478e-06 8.96631 1.53513
581 0.00556387 0.00894184 0.000204168 5.98478e-06 8.96631 1.53513
582 0.00215453 0.000333315 0.000204168 5.98478e-06 8.96631 1.53513
583 0.00170292 0.0012458 0.000204168 5.98478e-06 8.96631 1.53513
584 0.00376478 0.000919313 0.000204168 5.98478e-06 8.96631 1.53513
585 0.00175394 0.00106176 0.000204168 5.98478e-06 8.96631 1.53513
586 0.00223767 0.000820348 0.000204168 5.98478e-06 8.96631 1.53513
587 0.0681697 0.00213806 0.000204168 5.98478e-06 8.96631 1.53513
588 0.00641085 0.000641743 0.000204168 5.98478e-06 8.96631 1.53513
589 0.000742037 0.000278065 0.000204168 5.98478e-06 8.96631 1.53513
590 0.000660922 0.000272238 0.000204168 5.98478e-06 8.96631 1.53513
591 0.000657385 0.000438882 0.000204168 5.98478e-06 8.96631 1.53513
592 0.00108243 0.00305676 0.000204168 5.98478e-06 8.96631 1.53513
593 0.00184253 0.0022877 0.000204168 5.98478e-06 8.96631 1.53513
594 0.00164436 0.000531448 0.000204168 5.98478e-06 8.96631 1.53513
595 0.000645782 0.00102619 0.000204168 5.98478e-06 8.96631 1.53513
596 0.00130247 0.000579541 0.000204168 5.98478e-06 8.96631 1.53513
597 0.000931281 0.0016605 0.000204168 5.98478e-06 8.96631 1.53513
598 0.0078458 0.00396428 0.000204168 5.98478e-06 8.96631 1.53513
599 0.0035286 0.0103433 0.000204168 5.98478e-06 8.96631 1.53513
600 0.0151403 0.000840338 0.000204168 5.98478e-06 8.96631 1.53513
601 0.00293204 0.00104164 0.000204168 5.98478e-06 8.96631 1.53513
602 0.000670966 0.000470976 0.000204168 5.98478e-06 8.96631 1.53513
603 0.00155294 0.0168517 0.000204168 5.98478e-06 8.96631 1.53513
604 0.00878806 0.00786322 0.000204168 5.98478e-06 8.96631 1.53513
605 0.00472337 0.00465351 0.000204168 5.98478e-06 8.96631 1.53513
606 0.00699988 0.000304661 0.000204168 5.98478e-06 8.96631 1.53513
607 0.0015827 0.00987142 0.000204168 5.98478e-06 8.96631 1.53513
608 0.00441072 0.000197039 0.000204168 5.98478e-06 8.96631 1.53513
609 0.00852792 0.0113628 0.000197039 5.86396e-06 8.80838 1.51955
610 0.00382795 0.00642381 0.000197039 5.86396e-06 8.80838 1.51955
611 0.00569504 0.0405769 0.000197039 5.86396e-06 8.80838 1.51955
612 0.0236579 0.000790338 0.000197039 5.86396e-06 8.80838 1.51955
613 0.000546916 0.000580851 0.000197039 5.86396e-06 8.80838 1.51955
614 0.00121661 0.00240417 0.000197039 5.86396e-06 8.80838 1.51955
615 0.00612259 0.0336799 0.000197039 5.86396e-06 8.80838 1.51955
616 0.00801291 0.000290803 0.000197039 5.86396e-06 8.80838 1.51955
617 0.000937348 0.00198117 0.000197039 5.86396e-06 8.80838 1.51955
618 0.000844698 0.00241597 0.000197039 5.86396e-06 8.80838 1.51955
619 0.00599009 0.0129699 0.000197039 5.86396e-06 8.80838 1.51955
620 0.0106669 0.000538685 0.000197039 5.86396e-06 8.80838 1.51955
621 0.00404187 0.00154469 0.000197039 5.86396e-06 8.80838 1.51955
622 0.0143862 0.00621394 0.000197039 5.86396e-06 8.80838 1.51955
623 0.00605449 0.000347441 0.000197039 5.86396e-06 8.80838 1.51955
624 0.00306039 0.000282087 0.000197039 5.86396e-06 8.80838 1.51955
625 0.00167704 0.001264 0.000197039 5.86396e-06 8.80838 1.51955
626 0.00320686 0.000243786 0.000197039 5.86396e-06 8.80838 1.51955
627 0.00160686 0.0213314 0.000197039 5.86396e-06 8.80838 1.51955
628 0.0181466 0.00140928 0.000197039 5.86396e-06 8.80838 1.51955
629 0.00426379 0.00121637 0.000197039 5.86396e-06 8.80838 1.51955
630 0.00617471 0.00114143 0.000197039 5.86396e-06 8.80838 1.51955
631 0.00366429 0.00140627 0.000197039 5.86396e-06 8.80838 1.51955
632 0.00150263 0.00121179 0.000197039 5.86396e-06 8.80838 1.51955
633 0.0164159 0.0229278 0.000197039 5.86396e-06 8.80838 1.51955
634 0.00895895 0.00120641 0.000197039 5.86396e-06 8.80838 1.51955
635 0.00712601 0.00593794 0.000197039 5.86396e-06 8.80838 1.51955
636 0.00183597 0.00149798 0.000197039 5.86396e-06 8.80838 1.51955
637 0.00223866 0.0088038 0.000197039 5.86396e-06 8.80838 1.51955
638 0.00181501 0.00144555 0.000197039 5.86396e-06 8.80838 1.51955
639 0.00215842 0.000633032 0.000197039 5.86396e-06 8.80838 1.51955
640 0.00170777 0.00092504 0.000197039 5.86396e-06 8.80838 1.51955
641 0.0013536 0.000348536 0.000197039 5.86396e-06 8.80838 1.51955
642 0.00960899 0.0495064 0.000197039 5.86396e-06 8.80838 1.51955
643 0.036734 0.00517233 0.000197039 5.86396e-06 8.80838 1.51955
644 0.00663758 0.00217358 0.000197039 5.86396e-06 8.80838 1.51955
645 0.000931876 0.000418355 0.000197039 5.86396e-06 8.80838 1.51955
646 0.000842771 0.00190108 0.000197039 5.86396e-06 8.80838 1.51955
647 0.00246353 0.00985634 0.000197039 5.86396e-06 8.80838 1.51955
648 0.0133446 0.0164847 0.000197039 5.86396e-06 8.80838 1.51955
649 0.00176497 0.000312909 0.000197039 5.86396e-06 8.80838 1.51955
650 0.00138932 0.00075416 0.000197039 5.86396e-06 8.80838 1.51955
651 0.000693609 0.00172385 0.000197039 5.86396e-06 8.80838 1.51955
652 0.00123413 0.00226459 0.000197039 5.86396e-06 8.80838 1.51955
653 0.00239743 0.00454329 0.000197039 5.86396e-06 8.80838 1.51955
654 0.00221056 0.0151765 0.000197039 5.86396e-06 8.80838 1.51955
655 0.00760197 0.00117663 0.000197039 5.86396e-06 8.80838 1.51955
656 0.0159981 0.00860588 0.000197039 5.86396e-06 8.80838 1.51955
657 0.00878671 0.00146418 0.000197039 5.86396e-06 8.80838 1.51955
658 0.00242525 0.00258298 0.000197039 5.86396e-06 8.80838 1.51955
659 0.00154314 0.00177649 0.000197039 5.86396e-06 8.80838 1.51955
660 0.00258925 0.00111813 0.000197039 5.86396e-06 8.80838 1.51955
661 0.0148903 0.00074028 0.000197039 5.86396e-06 8.80838 1.51955
662 0.003316 0.012333 0.000197039 5.86396e-06 8.80838 1.51955
663 0.0164202 0.00922084 0.000197039 5.86396e-06 8.80838 1.51955
664 0.00797949 0.00829108 0.000197039 5.86396e-06 8.80838 1.51955
665 0.00492519 0.000615273 0.000197039 5.86396e-06 8.80838 1.51955
666 0.000712212 0.000497038 0.000197039 5.86396e-06 8.80838 1.51955
667 0.00152548 0.00534861 0.000197039 5.86396e-06 8.80838 1.51955
668 0.00240765 0.00253846 0.000197039 5.86396e-06 8.80838 1.51955
669 0.00093647 0.00019558 0.000197039 5.86396e-06 8.80838 1.51955
670 0.00461399 0.0180836 0.00019558 5.55369e-06 8.77572 1.47881
671 0.0104853 0.000779199 0.00019558 5.55369e-06 8.77572 1.47881
672 0.00221428 0.00105534 0.00019558 5.55369e-06 8.77572 1.47881
673 0.00155914 0.00107766 0.00019558 5.55369e-06 8.77572 1.47881
674 0.0102359 0.000672294 0.00019558 5.55369e-06 8.77572 1.47881
675 0.0197718 0.00328616 0.00019558 5.55369e-06 8.77572 1.47881
676 0.00534574 0.00121303 0.00019558 5.55369e-06 8.77572 1.47881
677 0.0015571 0.00303412 0.00019558 5.55369e-06 8.77572 1.47881
678 0.00162606 0.00516827 0.00019558 5.55369e-06 8.77572 1.47881
679 0.00274881 0.00221787 0.00019558 5.55369e-06 8.77572 1.47881
680 0.0029368 0.00320448 0.00019558 5.55369e-06 8.77572 1.47881
681 0.00469632 0.000356968 0.00019558 5.55369e-06 8.77572 1.47881
682 0.00140656 0.00296235 0.00019558 5.55369e-06 8.77572 1.47881
683 0.00929149 0.00434779 0.00019558 5.55369e-06 8.77572 1.47881
684 0.00166283 0.00388366 0.00019558 5.55369e-06 8.77572 1.47881
685 0.00474521 0.0191481 0.00019558 5.55369e-06 8.77572 1.47881
686 0.0164444 0.07473 0.00019558 5.55369e-06 8.77572 1.47881
687 0.007548 0.000820231 0.00019558 5.55369e-06 8.77572 1.47881
688 0.00177859 0.00171498 0.00019558 5.55369e-06 8.77572 1.47881
689 0.000726688 0.00107802 0.00019558 5.55369e-06 8.77572 1.47881
690 0.00443319 0.0173466 0.00019558 5.55369e-06 8.77572 1.47881
691 0.00842153 0.00217016 0.00019558 5.55369e-06 8.77572 1.47881
692 0.000977301 0.000290247 0.00019558 5.55369e-06 8.77572 1.47881
693 0.00174066 0.000519977 0.00019558 5.55369e-06 8.77572 1.47881
694 0.0137752 0.000846824 0.00019558 5.55369e-06 8.77572 1.47881
695 0.00500718 0.00142956 0.00019558 5.55369e-06 8.77572 1.47881
696 0.00115747 0.00104567 0.00019558 5.55369e-06 8.77572 1.47881
697 0.00741735 0.00536104 0.00019558 5.55369e-06 8.77572 1.47881
698 0.00158688 0.000505353 0.00019558 5.55369e-06 8.77572 1.47881
699 0.00913359 0.00573704 0.00019558 5.55369e-06 8.77572 1.47881
700 0.00436574 0.000534534 0.00019558 5.55369e-06 8.77572 1.47881
701 0.00260755 0.0128878 0.00019558 5.55369e-06 8.77572 1.47881
702 0.0271401 0.0517781 0.00019558 5.55369e-06 8.77572 1.47881
703 0.0112113 0.00203468 0.00019558 5.55369e-06 8.77572 1.47881
704 0.00139055 0.00055248 0.00019558 5.55369e-06 8.77572 1.47881
705 0.000902217 0.000355765 0.00019558 5.55369e-06 8.77572 1.47881
706 0.00177515 0.00255555 0.00019558 5.55369e-06 8.77572 1.47881
707 0.00336295 0.00196395 0.00019558 5.55369e-06 8.77572 1.47881
708 0.00249809 0.000864291 0.00019558 5.55369e-06 8.77572 1.47881
709 0.00174653 0.00100411 0.00019558 5.55369e-06 8.77572 1.47881
710 0.00199466 0.000613274 0.00019558 5.55369e-06 8.77572 1.47881
711 0.0035337 0.00116406 0.00019558 5.55369e-06 8.77572 1.47881
712 0.011175 0.00111343 0.00019558 5.55369e-06 8.77572 1.47881
713 0.00381435 0.00335892 0.00019558 5.55369e-06 8.77572 1.47881
714 0.0377769 0.0217957 0.00019558 5.55369e-06 8.77572 1.47881
715 0.00667878 0.00214863 0.00019558 5.55369e-06 8.77572 1.47881
716 0.00495703 0.000264386 0.00019558 5.55369e-06 8.77572 1.47881
717 0.000794131 0.000664887 0.00019558 5.55369e-06 8.77572 1.47881
718 0.000514556 0.000414494 0.00019558 5.55369e-06 8.77572 1.47881
719 0.0011488 0.000436576 0.00019558 5.55369e-06 8.77572 1.47881
720 0.00193867 0.00096773 0.00019558 5.55369e-06 8.77572 1.47881
721 0.00113629 0.000280006 0.00019558 5.55369e-06 8.77572 1.47881
722 0.00197761 0.000383984 0.00019558 5.55369e-06 8.77572 1.47881
723 0.00642191 0.00800784 0.00019558 5.55369e-06 8.77572 1.47881
724 0.0049644 0.000582451 0.00019558 5.55369e-06 8.77572 1.47881
725 0.00215046 0.000531294 0.00019558 5.55369e-06 8.77572 1.47881
726 0.00128113 0.00115562 0.00019558 5.55369e-06 8.77572 1.47881
727 0.00238206 0.00117931 0.00019558 5.55369e-06 8.77572 1.47881
728 0.000936901 0.00219854 0.00019558 5.55369e-06 8.77572 1.47881
729 0.0102122 0.000966726 0.00019558 5.55369e-06 8.77572 1.47881
730 0.0275964 0.00771303 0.00019558 5.55369e-06 8.77572 1.47881
731 0.00745573 0.00938853 0.00019558 5.55369e-06 8.77572 1.47881
732 0.00174043 0.000535688 0.00019558 5.55369e-06 8.77572 1.47881
733 0.000699992 0.00164231 0.00019558 5.55369e-06 8.77572 1.47881
734 0.00181524 0.000619097 0.00019558 5.55369e-06 8.77572 1.47881
735 0.00184703 0.000448678 0.00019558 5.55369e-06 8.77572 1.47881
736 0.00092695 0.000343771 0.00019558 5.55369e-06 8.77572 1.47881
737 0.0148687 0.0477946 0.00019558 5.55369e-06 8.77572 1.47881
738 0.00578494 0.000500454 0.00019558 5.55369e-06 8.77572 1.47881
739 0.000855741 0.000583542 0.00019558 5.55369e-06 8.77572 1.47881
740 0.000476961 0.000950966 0.00019558 5.55369e-06 8.77572 1.47881
741 0.00297401 0.000695759 0.00019558 5.55369e-06 8.77572 1.47881
742 0.00367067 0.00948399 0.00019558 5.55369e-06 8.77572 1.47881
743 0.0538086 0.0139901 0.00019558 5.55369e-06 8.77572 1.47881
744 0.00477396 0.00060621 0.00019558 5.55369e-06 8.77572 1.47881
745 0.000538973 0.000221669 0.00019558 5.55369e-06 8.77572 1.47881
746 0.000767108 0.000514693 0.00019558 5.55369e-06 8.77572 1.47881
747 0.00097575 0.00169287 0.00019558 5.55369e-06 8.77572 1.47881
748 0.00165935 0.000593558 0.00019558 5.55369e-06 8.77572 1.47881
749 0.000680829 0.00046104 0.00019558 5.55369e-06 8.77572 1.47881
750 0.0015573 0.000684509 0.00019558 5.55369e-06 8.77572 1.47881
751 0.000726896 0.000476037 0.00019558 5.55369e-06 8.77572 1.47881
752 0.00283468 0.00192764 0.00019558 5.55369e-06 8.77572 1.47881
753 0.00929009 0.0120692 0.00019558 5.55369e-06 8.77572 1.47881
754 0.00404177 0.00258938 0.00019558 5.55369e-06 8.77572 1.47881
755 0.00107881 0.000663217 0.00019558 5.55369e-06 8.77572 1.47881
756 0.00135685 0.000750211 0.00019558 5.55369e-06 8.77572 1.47881
757 0.00285199 0.0105991 0.00019558 5.55369e-06 8.77572 1.47881
758 0.00307432 0.00106881 0.00019558 5.55369e-06 8.77572 1.47881
759 0.0098654 0.00883108 0.00019558 5.55369e-06 8.77572 1.47881
760 0.00562386 0.00512276 0.00019558 5.55369e-06 8.77572 1.47881
761 0.00211942 0.00545326 0.00019558 5.55369e-06 8.77572 1.47881
762 0.00332123 0.00214025 0.00019558 5.55369e-06 8.77572 1.47881
763 0.00137483 0.000441981 0.00019558 5.55369e-06 8.77572 1.47881
764 0.00244399 0.00730161 0.00019558 5.55369e-06 8.77572 1.47881
765 0.0253094 0.00337375 0.00019558 5.55369e-06 8.77572 1.47881
766 0.00285478 0.00209742 0.00019558 5.55369e-06 8.77572 1.47881
767 0.0062153 0.000816976 0.00019558 5.55369e-06 8.77572 1.47881
768 0.00268917 0.00819911 0.00019558 5.55369e-06 8.77572 1.47881
769 0.0012887 0.00035417 0.00019558 5.55369e-06 8.77572 1.47881
770 0.000312288 0.000408519 0.00019558 5.55369e-06 8.77572 1.47881
771 0.000346914 0.000265276 0.00019558 5.55369e-06 8.77572 1.47881
772 0.000359296 0.000331069 0.00019558 5.55369e-06 8.77572 1.47881
773 0.000378877 0.000306478 0.00019558 5.55369e-06 8.77572 1.47881
774 0.000340756 0.000206779 0.00019558 5.55369e-06 8.77572 1.47881
775 0.000350373 0.000342384 0.00019558 5.55369e-06 8.77572 1.47881
776 0.000317195 0.000377054 0.00019558 5.55369e-06 8.77572 1.47881
777 0.000442739 0.000514329 0.00019558 5.55369e-06 8.77572 1.47881
778 0.000382666 0.000268625 0.00019558 5.55369e-06 8.77572 1.47881
779 0.000511719 0.000368813 0.00019558 5.55369e-06 8.77572 1.47881
780 0.000378947 0.000217486 0.00019558 5.55369e-06 8.77572 1.47881
781 0.000313283 0.000356572 0.00019558 5.55369e-06 8.77572 1.47881
782 0.000373815 0.000244727 0.00019558 5.55369e-06 8.77572 1.47881
783 0.000388978 0.00069241 0.00019558 5.55369e-06 8.77572 1.47881
784 0.000435613 0.000179747 0.00019558 5.55369e-06 8.77572 1.47881
785 0.000347422 0.000343565 0.000179747 5.32322e-06 8.413 1.4478
786 0.000363566 0.000271081 0.000179747 5.32322e-06 8.413 1.4478
787 0.00041065 0.000380752 0.000179747 5.32322e-06 8.413 1.4478
788 0.000377626 0.000245033 0.000179747 5.32322e-06 8.413 1.4478
789 0.000466309 0.00042904 0.000179747 5.32322e-06 8.413 1.4478
790 0.000439486 0.000325937 0.000179747 5.32322e-06 8.413 1.4478
791 0.00045977 0.000766442 0.000179747 5.32322e-06 8.413 1.4478
792 0.0004605 0.000685788 0.000179747 5.32322e-06 8.413 1.4478
793 0.000771638 0.00028651 0.000179747 5.32322e-06 8.413 1.4478
794 0.000453447 0.000212293 0.000179747 5.32322e-06 8.413 1.4478
795 0.000492878 0.000236823 0.000179747 5.32322e-06 8.413 1.4478
796 0.000419606 0.000347559 0.000179747 5.32322e-06 8.413 1.4478
797 0.000543051 0.000833457 0.000179747 5.32322e-06 8.413 1.4478
798 0.000727433 0.000529751 0.000179747 5.32322e-06 8.413 1.4478
799 0.000908973 0.00231791 0.000179747 5.32322e-06 8.413 1.4478
800 0.00189774 0.000331123 0.000179747 5.32322e-06 8.413 1.4478
801 0.00089435 0.000722249 0.000179747 5.32322e-06 8.413 1.4478
802 0.00106206 0.00172191 0.000179747 5.32322e-06 8.413 1.4478
803 0.00125072 0.00266231 0.000179747 5.32322e-06 8.413 1.4478
804 0.00130994 0.0014288 0.000179747 5.32322e-06 8.413 1.4478
805 0.000615363 0.000265958 0.000179747 5.32322e-06 8.413 1.4478
806 0.00288335 0.000624858 0.000179747 5.32322e-06 8.413 1.4478
807 0.000888417 0.00242961 0.000179747 5.32322e-06 8.413 1.4478
808 0.00210949 0.000280073 0.000179747 5.32322e-06 8.413 1.4478
809 0.000514463 0.000771438 0.000179747 5.32322e-06 8.413 1.4478
810 0.00074755 0.000809123 0.000179747 5.32322e-06 8.413 1.4478
811 0.00231313 0.00193559 0.000179747 5.32322e-06 8.413 1.4478
812 0.00145841 0.000163742 0.000179747 5.32322e-06 8.413 1.4478
813 0.00265408 0.00120025 0.000163742 5.33932e-06 8.02971 1.44998
814 0.00114274 0.00080163 0.000163742 5.33932e-06 8.02971 1.44998
815 0.00259326 0.000589355 0.000163742 5.33932e-06 8.02971 1.44998
816 0.00119643 0.000173859 0.000163742 5.33932e-06 8.02971 1.44998
817 0.000906321 0.000497148 0.000163742 5.33932e-06 8.02971 1.44998
818 0.00288007 0.00090475 0.000163742 5.33932e-06 8.02971 1.44998
819 0.000814064 0.000286912 0.000163742 5.33932e-06 8.02971 1.44998
820 0.000572024 0.0012559 0.000163742 5.33932e-06 8.02971 1.44998
821 0.000479894 0.000620976 0.000163742 5.33932e-06 8.02971 1.44998
822 0.000725759 0.00273559 0.000163742 5.33932e-06 8.02971 1.44998
823 0.00102762 0.000367524 0.000163742 5.33932e-06 8.02971 1.44998
824 0.00094115 0.000260908 0.000163742 5.33932e-06 8.02971 1.44998
825 0.00380801 0.00109122 0.000163742 5.33932e-06 8.02971 1.44998
826 0.00501762 0.00993055 0.000163742 5.33932e-06 8.02971 1.44998
827 0.00337626 0.000550152 0.000163742 5.33932e-06 8.02971 1.44998
828 0.000590077 0.000446001 0.000163742 5.33932e-06 8.02971 1.44998
829 0.000711343 0.00030176 0.000163742 5.33932e-06 8.02971 1.44998
830 0.00115123 0.000382047 0.000163742 5.33932e-06 8.02971 1.44998
831 0.000605285 0.000507649 0.000163742 5.33932e-06 8.02971 1.44998
832 0.0016368 0.00123726 0.000163742 5.33932e-06 8.02971 1.44998
833 0.00113815 0.000932726 0.000163742 5.33932e-06 8.02971 1.44998
834 0.000681999 0.000536732 0.000163742 5.33932e-06 8.02971 1.44998
835 0.00220705 0.000365862 0.000163742 5.33932e-06 8.02971 1.44998
836 0.00317739 0.00245785 0.000163742 5.33932e-06 8.02971 1.44998
837 0.00147899 0.000821416 0.000163742 5.33932e-06 8.02971 1.44998
838 0.000797752 0.000632231 0.000163742 5.33932e-06 8.02971 1.44998
839 0.00132581 0.000195095 0.000163742 5.33932e-06 8.02971 1.44998
840 0.0011045 0.000852415 0.000163742 5.33932e-06 8.02971 1.44998
841 0.00101756 0.000305838 0.000163742 5.33932e-06 8.02971 1.44998
842 0.00470088 0.000329707 0.000163742 5.33932e-06 8.02971 1.44998
843 0.0022057 0.00185178 0.000163742 5.33932e-06 8.02971 1.44998
844 0.000833427 0.000172183 0.000163742 5.33932e-06 8.02971 1.44998
845 0.000488846 0.000235367 0.000163742 5.33932e-06 8.02971 1.44998
846 0.00087704 0.000772993 0.000163742 5.33932e-06 8.02971 1.44998
847 0.00085845 0.000192234 0.000163742 5.33932e-06 8.02971 1.44998
848 0.00277032 0.00166116 0.000163742 5.33932e-06 8.02971 1.44998
849 0.00104456 0.000236978 0.000163742 5.33932e-06 8.02971 1.44998
850 0.0020087 0.00251226 0.000163742 5.33932e-06 8.02971 1.44998
851 0.00202115 0.000185691 0.000163742 5.33932e-06 8.02971 1.44998
852 0.000556232 0.000631195 0.000163742 5.33932e-06 8.02971 1.44998
853 0.000770169 0.000554331 0.000163742 5.33932e-06 8.02971 1.44998
854 0.00270022 0.00633142 0.000163742 5.33932e-06 8.02971 1.44998
855 0.00595114 0.00201231 0.000163742 5.33932e-06 8.02971 1.44998
856 0.000776357 0.00196649 0.000163742 5.33932e-06 8.02971 1.44998
857 0.000637805 0.00033179 0.000163742 5.33932e-06 8.02971 1.44998
858 0.0007233 0.000218717 0.000163742 5.33932e-06 8.02971 1.44998
859 0.000536033 0.000256929 0.000163742 5.33932e-06 8.02971 1.44998
860 0.00244227 0.00982564 0.000163742 5.33932e-06 8.02971 1.44998
861 0.00146448 0.000977753 0.000163742 5.33932e-06 8.02971 1.44998
862 0.000580545 0.000176527 0.000163742 5.33932e-06 8.02971 1.44998
863 0.0013134 0.000309646 0.000163742 5.33932e-06 8.02971 1.44998
864 0.00183847 0.00030919 0.000163742 5.33932e-06 8.02971 1.44998
865 0.000867591 0.00300906 0.000163742 5.33932e-06 8.02971 1.44998
866 0.00171091 0.000820929 0.000163742 5.33932e-06 8.02971 1.44998
867 0.00149781 0.000710994 0.000163742 5.33932e-06 8.02971 1.44998
868 0.00100216 0.000746875 0.000163742 5.33932e-06 8.02971 1.44998
869 0.000831503 0.00638039 0.000163742 5.33932e-06 8.02971 1.44998
870 0.00177795 0.00237591 0.000163742 5.33932e-06 8.02971 1.44998
871 0.0022143 0.000406074 0.000163742 5.33932e-06 8.02971 1.44998
872 0.00048348 0.000467467 0.000163742 5.33932e-06 8.02971 1.44998
873 0.00228301 0.00319695 0.000163742 5.33932e-06 8.02971 1.44998
874 0.000881697 0.000713202 0.000163742 5.33932e-06 8.02971 1.44998
875 0.0023931 0.00444446 0.000163742 5.33932e-06 8.02971 1.44998
876 0.00266739 0.00174807 0.000163742 5.33932e-06 8.02971 1.44998
877 0.00105569 0.000553805 0.000163742 5.33932e-06 8.02971 1.44998
878 0.000890921 0.000647389 0.000163742 5.33932e-06 8.02971 1.44998
879 0.00244085 0.00240757 0.000163742 5.33932e-06 8.02971 1.44998
880 0.00108599 0.000631995 0.000163742 5.33932e-06 8.02971 1.44998
881 0.00140587 0.00114232 0.000163742 5.33932e-06 8.02971 1.44998
882 0.000913172 0.00516782 0.000163742 5.33932e-06 8.02971 1.44998
883 0.00158767 0.000256032 0.000163742 5.33932e-06 8.02971 1.44998
884 0.00173151 0.0033524 0.000163742 5.33932e-06 8.02971 1.44998
885 0.00323107 0.000433148 0.000163742 5.33932e-06 8.02971 1.44998
886 0.00112229 0.000600449 0.000163742 5.33932e-06 8.02971 1.44998
887 0.00127541 0.000862213 0.000163742 5.33932e-06 8.02971 1.44998
888 0.00196639 0.000666725 0.000163742 5.33932e-06 8.02971 1.44998
889 0.000856107 0.00273573 0.000163742 5.33932e-06 8.02971 1.44998
890 0.00496596 0.00182871 0.000163742 5.33932e-06 8.02971 1.44998
891 0.000588138 0.000228853 0.000163742 5.33932e-06 8.02971 1.44998
892 0.00115015 0.000351163 0.000163742 5.33932e-06 8.02971 1.44998
893 0.000435896 0.000233754 0.000163742 5.33932e-06 8.02971 1.44998
894 0.000669205 0.000916426 0.000163742 5.33932e-06 8.02971 1.44998
895 0.00308805 0.0105794 0.000163742 5.33932e-06 8.02971 1.44998
896 0.00262384 0.000619805 0.000163742 5.33932e-06 8.02971 1.44998
897 0.000882556 0.00057492 0.000163742 5.33932e-06 8.02971 1.44998
898 0.000899124 0.000321434 0.000163742 5.33932e-06 8.02971 1.44998
899 0.000817771 0.000993831 0.000163742 5.33932e-06 8.02971 1.44998
900 0.00365705 0.00245422 0.000163742 5.33932e-06 8.02971 1.44998
901 0.000694163 0.000666417 0.000163742 5.33932e-06 8.02971 1.44998
902 0.000628434 0.00071967 0.000163742 5.33932e-06 8.02971 1.44998
903 0.000868438 0.000526603 0.000163742 5.33932e-06 8.02971 1.44998
904 0.00117918 0.00070471 0.000163742 5.33932e-06 8.02971 1.44998
905 0.00492863 0.0023039 0.000163742 5.33932e-06 8.02971 1.44998
906 0.0013846 0.000390671 0.000163742 5.33932e-06 8.02971 1.44998
907 0.000538132 0.0021044 0.000163742 5.33932e-06 8.02971 1.44998
908 0.00142188 0.00073664 0.000163742 5.33932e-06 8.02971 1.44998
909 0.000867511 0.000971721 0.000163742 5.33932e-06 8.02971 1.44998
910 0.00314178 0.00417426 0.000163742 5.33932e-06 8.02971 1.44998
911 0.00236355 0.00294207 0.000163742 5.33932e-06 8.02971 1.44998
912 0.00352496 0.00596471 0.000163742 5.33932e-06 8.02971 1.44998
913 0.00123899 0.000225003 0.000163742 5.33932e-06 8.02971 1.44998
914 0.000296465 0.000199046 0.000163742 5.33932e-06 8.02971 1.44998
915 0.000298928 0.000231251 0.000163742 5.33932e-06 8.02971 1.44998
916 0.000351875 0.000252541 0.000163742 5.33932e-06 8.02971 1.44998
917 0.000331482 0.000221492 0.000163742 5.33932e-06 8.02971 1.44998
918 0.000302386 0.000250664 0.000163742 5.33932e-06 8.02971 1.44998
919 0.000335482 0.000264663 0.000163742 5.33932e-06 8.02971 1.44998
920 0.000294847 0.000291591 0.000163742 5.33932e-06 8.02971 1.44998
921 0.000297145 0.000213419 0.000163742 5.33932e-06 8.02971 1.44998
922 0.000297978 0.000315962 0.000163742 5.33932e-06 8.02971 1.44998
923 0.000300233 0.000262044 0.000163742 5.33932e-06 8.02971 1.44998
924 0.000303153 0.000191351 0.000163742 5.33932e-06 8.02971 1.44998
925 0.000339317 0.000185567 0.000163742 5.33932e-06 8.02971 1.44998
926 0.000333293 0.000227523 0.000163742 5.33932e-06 8.02971 1.44998
927 0.000392301 0.000321029 0.000163742 5.33932e-06 8.02971 1.44998
928 0.000327766 0.000189894 0.000163742 5.33932e-06 8.02971 1.44998
929 0.000378483 0.00027768 0.000163742 5.33932e-06 8.02971 1.44998
930 0.00032356 0.00021535 0.000163742 5.33932e-06 8.02971 1.44998
931 0.000333375 0.000392303 0.000163742 5.33932e-06 8.02971 1.44998
932 0.00031705 0.000180193 0.000163742 5.33932e-06 8.02971 1.44998
933 0.000487005 0.000190762 0.000163742 5.33932e-06 8.02971 1.44998
934 0.000445238 0.000329355 0.000163742 5.33932e-06 8.02971 1.44998
935 0.000318681 0.000254352 0.000163742 5.33932e-06 8.02971 1.44998
936 0.000374918 0.000201833 0.000163742 5.33932e-06 8.02971 1.44998
937 0.000481602 0.000405069 0.000163742 5.33932e-06 8.02971 1.44998
938 0.000527947 0.000368991 0.000163742 5.33932e-06 8.02971 1.44998
939 0.000360811 0.000183346 0.000163742 5.33932e-06 8.02971 1.44998
940 0.000329267 0.000216175 0.000163742 5.33932e-06 8.02971 1.44998
941 0.000322642 0.000224664 0.000163742 5.33932e-06 8.02971 1.44998
942 0.000399647 0.000306674 0.000163742 5.33932e-06 8.02971 1.44998
943 0.000489773 0.0006608 0.000163742 5.33932e-06 8.02971 1.44998
944 0.000349904 0.000439461 0.000163742 5.33932e-06 8.02971 1.44998
945 0.000477606 0.000233338 0.000163742 5.33932e-06 8.02971 1.44998
946 0.000413245 0.000325439 0.000163742 5.33932e-06 8.02971 1.44998
947 0.000490423 0.000194068 0.000163742 5.33932e-06 8.02971 1.44998
948 0.000500133 0.000143665 0.000163742 5.33932e-06 8.02971 1.44998
949 0.000417146 0.000256241 0.000143665 5.20591e-06 7.52136 1.43175
950 0.000425759 0.000674855 0.000143665 5.20591e-06 7.52136 1.43175
951 0.000411454 0.000224938 0.000143665 5.20591e-06 7.52136 1.43175
952 0.00118439 0.00119608 0.000143665 5.20591e-06 7.52136 1.43175
953 0.000695638 0.000466165 0.000143665 5.20591e-06 7.52136 1.43175
954 0.000717423 0.000169518 0.000143665 5.20591e-06 7.52136 1.43175
955 0.000464255 0.000458822 0.000143665 5.20591e-06 7.52136 1.43175
956 0.00033812 0.000282532 0.000143665 5.20591e-06 7.52136 1.43175
957 0.000405532 0.00023187 0.000143665 5.20591e-06 7.52136 1.43175
958 0.000328041 0.000262164 0.000143665 5.20591e-06 7.52136 1.43175
959 0.000650262 0.000494319 0.000143665 5.20591e-06 7.52136 1.43175
960 0.000795946 0.000353529 0.000143665 5.20591e-06 7.52136 1.43175
961 0.000441133 0.000569747 0.000143665 5.20591e-06 7.52136 1.43175
962 0.000703508 0.000808155 0.000143665 5.20591e-06 7.52136 1.43175
963 0.000740438 0.000316036 0.000143665 5.20591e-06 7.52136 1.43175
964 0.000602786 0.000642572 0.000143665 5.20591e-06 7.52136 1.43175
965 0.00037479 0.000351612 0.000143665 5.20591e-06 7.52136 1.43175
966 0.00064239 0.000711387 0.000143665 5.20591e-06 7.52136 1.43175
967 0.000573285 0.000431147 0.000143665 5.20591e-06 7.52136 1.43175
968 0.000773137 0.000233183 0.000143665 5.20591e-06 7.52136 1.43175
969 0.000492373 0.000575689 0.000143665 5.20591e-06 7.52136 1.43175
970 0.00108296 0.000238686 0.000143665 5.20591e-06 7.52136 1.43175
971 0.000505629 0.000226537 0.000143665 5.20591e-06 7.52136 1.43175
972 0.000376628 0.000470485 0.000143665 5.20591e-06 7.52136 1.43175
973 0.000655952 0.000427648 0.000143665 5.20591e-06 7.52136 1.43175
974 0.000446163 0.00050282 0.000143665 5.20591e-06 7.52136 1.43175
975 0.000500706 0.000345252 0.000143665 5.20591e-06 7.52136 1.43175
976 0.000788443 0.000240411 0.000143665 5.20591e-06 7.52136 1.43175
977 0.000587884 0.000291103 0.000143665 5.20591e-06 7.52136 1.43175
978 0.00086808 0.000491829 0.000143665 5.20591e-06 7.52136 1.43175
979 0.000526131 0.000662512 0.000143665 5.20591e-06 7.52136 1.43175
980 0.000895691 0.000387794 0.000143665 5.20591e-06 7.52136 1.43175
981 0.000436214 0.00026696 0.000143665 5.20591e-06 7.52136 1.43175
982 0.000458728 0.00127184 0.000143665 5.20591e-06 7.52136 1.43175
983 0.00107115 0.000398247 0.000143665 5.20591e-06 7.52136 1.43175
984 0.00046048 0.000241025 0.000143665 5.20591e-06 7.52136 1.43175
985 0.000657255 0.000196527 0.000143665 5.20591e-06 7.52136 1.43175
986 0.000392407 0.000594578 0.000143665 5.20591e-06 7.52136 1.43175
987 0.000565468 0.000904544 0.000143665 5.20591e-06 7.52136 1.43175
988 0.00073802 0.00159159 0.000143665 5.20591e-06 7.52136 1.43175
989 0.000767822 0.000220578 0.000143665 5.20591e-06 7.52136 1.43175
990 0.000964006 0.00235373 0.000143665 5.20591e-06 7.52136 1.43175
991 0.000631975 0.000855026 0.000143665 5.20591e-06 7.52136 1.43175
992 0.000547527 0.00025645 0.000143665 5.20591e-06 7.52136 1.43175
993 0.000687042 0.000767017 0.000143665 5.20591e-06 7.52136 1.43175
994 0.000788926 0.000587862 0.000143665 5.20591e-06 7.52136 1.43175
995 0.000500639 0.000423301 0.000143665 5.20591e-06 7.52136 1.43175
996 0.000547201 0.000443784 0.000143665 5.20591e-06 7.52136 1.43175
997 0.000453144 0.000519009 0.000143665 5.20591e-06 7.52136 1.43175
998 0.000562856 0.000240298 0.000143665 5.20591e-06 7.52136 1.43175
999 0.000608286 0.00020877 0.000143665 5.20591e-06 7.52136 1.43175
1000 0.00118452 0.00133801 0.000143665 5.20591e-06 7.52136 1.43175
1001 0.000837524 0.000372557 0.000143665 5.20591e-06 7.52136 1.43175
1002 0.000562973 0.000235881 0.000143665 5.20591e-06 7.52136 1.43175
1003 0.000544627 0.00115877 0.000143665 5.20591e-06 7.52136 1.43175
1004 0.000542946 0.000330798 0.000143665 5.20591e-06 7.52136 1.43175
1005 0.000602566 0.000220715 0.000143665 5.20591e-06 7.52136 1.43175
1006 0.000492802 0.00059832 0.000143665 5.20591e-06 7.52136 1.43175
1007 0.0018666 0.00172024 0.000143665 5.20591e-06 7.52136 1.43175
1008 0.00177621 0.00027586 0.000143665 5.20591e-06 7.52136 1.43175
1009 0.000539977 0.000209986 0.000143665 5.20591e-06 7.52136 1.43175
1010 0.000501355 0.000195839 0.000143665 5.20591e-06 7.52136 1.43175
1011 0.000382756 0.000334893 0.000143665 5.20591e-06 7.52136 1.43175
1012 0.000431854 0.000258227 0.000143665 5.20591e-06 7.52136 1.43175
1013 0.00046244 0.000764633 0.000143665 5.20591e-06 7.52136 1.43175
1014 0.000722515 0.000392633 0.000143665 5.20591e-06 7.52136 1.43175
1015 0.000482508 0.000578159 0.000143665 5.20591e-06 7.52136 1.43175
1016 0.00089004 0.000306774 0.000143665 5.20591e-06 7.52136 1.43175
1017 0.000676053 0.000511835 0.000143665 5.20591e-06 7.52136 1.43175
1018 0.000388207 0.000316094 0.000143665 5.20591e-06 7.52136 1.43175
1019 0.000394887 0.00030419 0.000143665 5.20591e-06 7.52136 1.43175
1020 0.000472082 0.00188063 0.000143665 5.20591e-06 7.52136 1.43175
1021 0.00075751 0.000186013 0.000143665 5.20591e-06 7.52136 1.43175
1022 0.000743182 0.000300917 0.000143665 5.20591e-06 7.52136 1.43175
1023 0.000591336 0.000351675 0.000143665 5.20591e-06 7.52136 1.43175
1024 0.000438477 0.000351966 0.000143665 5.20591e-06 7.52136 1.43175
1025 0.000679518 0.000212522 0.000143665 5.20591e-06 7.52136 1.43175
1026 0.00058722 0.000346542 0.000143665 5.20591e-06 7.52136 1.43175
1027 0.000523953 0.000472893 0.000143665 5.20591e-06 7.52136 1.43175
1028 0.000590027 0.000264355 0.000143665 5.20591e-06 7.52136 1.43175
1029 0.00040814 0.000261432 0.000143665 5.20591e-06 7.52136 1.43175
1030 0.000486776 0.00100631 0.000143665 5.20591e-06 7.52136 1.43175
1031 0.000928611 0.000337418 0.000143665 5.20591e-06 7.52136 1.43175
1032 0.000428766 0.00122314 0.000143665 5.20591e-06 7.52136 1.43175
1033 0.00108035 0.000708667 0.000143665 5.20591e-06 7.52136 1.43175
1034 0.000826494 0.000296062 0.000143665 5.20591e-06 7.52136 1.43175
1035 0.000410969 0.000752723 0.000143665 5.20591e-06 7.52136 1.43175
1036 0.000505133 0.000693722 0.000143665 5.20591e-06 7.52136 1.43175
1037 0.000542606 0.000261997 0.000143665 5.20591e-06 7.52136 1.43175
1038 0.000631489 0.0018751 0.000143665 5.20591e-06 7.52136 1.43175
1039 0.00114698 0.000570384 0.000143665 5.20591e-06 7.52136 1.43175
1040 0.000424736 0.00163874 0.000143665 5.20591e-06 7.52136 1.43175
1041 0.000900081 0.00118264 0.000143665 5.20591e-06 7.52136 1.43175
1042 0.000507028 0.000267171 0.000143665 5.20591e-06 7.52136 1.43175
1043 0.000441492 0.000581627 0.000143665 5.20591e-06 7.52136 1.43175
1044 0.000466643 0.000372089 0.000143665 5.20591e-06 7.52136 1.43175
1045 0.000402001 0.000525191 0.000143665 5.20591e-06 7.52136 1.43175
1046 0.000428559 0.000349252 0.000143665 5.20591e-06 7.52136 1.43175
1047 0.000685692 0.000253251 0.000143665 5.20591e-06 7.52136 1.43175
1048 0.000387651 0.000270461 0.000143665 5.20591e-06 7.52136 1.43175
1049 0.000274568 0.00020493 0.000143665 5.20591e-06 7.52136 1.43175
1050 0.000286752 0.000208081 0.000143665 5.20591e-06 7.52136 1.43175
1051 0.000274509 0.000267188 0.000143665 5.20591e-06 7.52136 1.43175
1052 0.000339243 0.00018698 0.000143665 5.20591e-06 7.52136 1.43175
1053 0.000277201 0.000251901 0.000143665 5.20591e-06 7.52136 1.43175
1054 0.000386668 0.000249688 0.000143665 5.20591e-06 7.52136 1.43175
1055 0.000329092 0.000163196 0.000143665 5.20591e-06 7.52136 1.43175
1056 0.000328237 0.000327046 0.000143665 5.20591e-06 7.52136 1.43175
1057 0.000324584 0.0002357 0.000143665 5.20591e-06 7.52136 1.43175
1058 0.000301292 0.000239651 0.000143665 5.20591e-06 7.52136 1.43175
1059 0.000343151 0.000508994 0.000143665 5.20591e-06 7.52136 1.43175
1060 0.000360103 0.000223645 0.000143665 5.20591e-06 7.52136 1.43175
1061 0.000302107 0.00018289 0.000143665 5.20591e-06 7.52136 1.43175
1062 0.000312203 0.000184435 0.000143665 5.20591e-06 7.52136 1.43175
1063 0.000327401 0.000245471 0.000143665 5.20591e-06 7.52136 1.43175
1064 0.000296274 0.000253014 0.000143665 5.20591e-06 7.52136 1.43175
1065 0.000289195 0.000205966 0.000143665 5.20591e-06 7.52136 1.43175
1066 0.000336418 0.000488484 0.000143665 5.20591e-06 7.52136 1.43175
1067 0.000355954 0.00023878 0.000143665 5.20591e-06 7.52136 1.43175
1068 0.000363251 0.000251328 0.000143665 5.20591e-06 7.52136 1.43175
1069 0.000348338 0.000221168 0.000143665 5.20591e-06 7.52136 1.43175
1070 0.00035082 0.000367538 0.000143665 5.20591e-06 7.52136 1.43175
1071 0.000403883 0.000172862 0.000143665 5.20591e-06 7.52136 1.43175
1072 0.00032254 0.000180554 0.000143665 5.20591e-06 7.52136 1.43175
1073 0.00027779 0.000204274 0.000143665 5.20591e-06 7.52136 1.43175
1074 0.00029647 0.000256186 0.000143665 5.20591e-06 7.52136 1.43175
1075 0.000296636 0.000196793 0.000143665 5.20591e-06 7.52136 1.43175
1076 0.000395453 0.000287343 0.000143665 5.20591e-06 7.52136 1.43175
1077 0.000485973 0.000314492 0.000143665 5.20591e-06 7.52136 1.43175
1078 0.000344618 0.000417792 0.000143665 5.20591e-06 7.52136 1.43175
1079 0.000326149 0.000221289 0.000143665 5.20591e-06 7.52136 1.43175
1080 0.000322131 0.000962137 0.000143665 5.20591e-06 7.52136 1.43175
1081 0.000429713 0.00022526 0.000143665 5.20591e-06 7.52136 1.43175
1082 0.000342728 0.000207369 0.000143665 5.20591e-06 7.52136 1.43175
1083 0.000357018 0.000291639 0.000143665 5.20591e-06 7.52136 1.43175
1084 0.00045194 0.000449446 0.000143665 5.20591e-06 7.52136 1.43175
1085 0.00047778 0.000285468 0.000143665 5.20591e-06 7.52136 1.43175
1086 0.00033895 0.000270242 0.000143665 5.20591e-06 7.52136 1.43175
1087 0.000383935 0.000761878 0.000143665 5.20591e-06 7.52136 1.43175
1088 0.00039336 0.000775756 0.000143665 5.20591e-06 7.52136 1.43175
1089 0.00035147 0.000269748 0.000143665 5.20591e-06 7.52136 1.43175
1090 0.000364024 0.000155186 0.000143665 5.20591e-06 7.52136 1.43175
1091 0.000307872 0.000210763 0.000143665 5.20591e-06 7.52136 1.43175
1092 0.00042385 0.000668502 0.000143665 5.20591e-06 7.52136 1.43175
1093 0.000343458 0.000311928 0.000143665 5.20591e-06 7.52136 1.43175
1094 0.000304069 0.000230901 0.000143665 5.20591e-06 7.52136 1.43175
1095 0.000311639 0.00022702 0.000143665 5.20591e-06 7.52136 1.43175
1096 0.000365005 0.000304957 0.000143665 5.20591e-06 7.52136 1.43175
1097 0.000519455 0.000890826 0.000143665 5.20591e-06 7.52136 1.43175
1098 0.000527843 0.000228805 0.000143665 5.20591e-06 7.52136 1.43175
1099 0.000338062 0.000286877 0.000143665 5.20591e-06 7.52136 1.43175
1100 0.000312962 0.000328473 0.000143665 5.20591e-06 7.52136 1.43175
1101 0.000378112 0.00017068 0.000143665 5.20591e-06 7.52136 1.43175
1102 0.000302033 0.000269641 0.000143665 5.20591e-06 7.52136 1.43175
1103 0.000312774 0.000555947 0.000143665 5.20591e-06 7.52136 1.43175
1104 0.000369927 0.000233608 0.000143665 5.20591e-06 7.52136 1.43175
1105 0.000429405 0.000176739 0.000143665 5.20591e-06 7.52136 1.43175
1106 0.000343996 0.000688684 0.000143665 5.20591e-06 7.52136 1.43175
1107 0.000391433 0.000204378 0.000143665 5.20591e-06 7.52136 1.43175
1108 0.000514419 0.000565119 0.000143665 5.20591e-06 7.52136 1.43175
1109 0.000427779 0.000285669 0.000143665 5.20591e-06 7.52136 1.43175
1110 0.000386536 0.000309451 0.000143665 5.20591e-06 7.52136 1.43175
1111 0.000299327 0.000298918 0.000143665 5.20591e-06 7.52136 1.43175
1112 0.000394135 0.000234812 0.000143665 5.20591e-06 7.52136 1.43175
1113 0.000367452 0.000344521 0.000143665 5.20591e-06 7.52136 1.43175
1114 0.000444768 0.000355051 0.000143665 5.20591e-06 7.52136 1.43175
1115 0.000333566 0.000193959 0.000143665 5.20591e-06 7.52136 1.43175
1116 0.000463655 0.00038409 0.000143665 5.20591e-06 7.52136 1.43175
1117 0.000397975 0.000302391 0.000143665 5.20591e-06 7.52136 1.43175
1118 0.000405315 0.000438548 0.000143665 5.20591e-06 7.52136 1.43175
1119 0.000506347 0.000257368 0.000143665 5.20591e-06 7.52136 1.43175
1120 0.000377444 0.000268252 0.000143665 5.20591e-06 7.52136 1.43175
1121 0.000347476 0.000511126 0.000143665 5.20591e-06 7.52136 1.43175
1122 0.000464643 0.000432557 0.000143665 5.20591e-06 7.52136 1.43175
1123 0.000367871 0.000225824 0.000143665 5.20591e-06 7.52136 1.43175
1124 0.000374863 0.000315953 0.000143665 5.20591e-06 7.52136 1.43175
1125 0.000443633 0.000201149 0.000143665 5.20591e-06 7.52136 1.43175
1126 0.000321275 0.000713146 0.000143665 5.20591e-06 7.52136 1.43175
1127 0.000417094 0.000283886 0.000143665 5.20591e-06 7.52136 1.43175
1128 0.000349065 0.000171115 0.000143665 5.20591e-06 7.52136 1.43175
1129 0.00030233 0.000370181 0.000143665 5.20591e-06 7.52136 1.43175
1130 0.000313417 0.000307578 0.000143665 5.20591e-06 7.52136 1.43175
1131 0.000323105 0.000260025 0.000143665 5.20591e-06 7.52136 1.43175
1132 0.000346023 0.000172839 0.000143665 5.20591e-06 7.52136 1.43175
1133 0.000377202 0.000273056 0.000143665 5.20591e-06 7.52136 1.43175
1134 0.00045313 0.000630936 0.000143665 5.20591e-06 7.52136 1.43175
1135 0.000416234 0.00030951 0.000143665 5.20591e-06 7.52136 1.43175
1136 0.000437928 0.000349199 0.000143665 5.20591e-06 7.52136 1.43175
1137 0.000346594 0.000479219 0.000143665 5.20591e-06 7.52136 1.43175
1138 0.000347247 0.000275836 0.000143665 5.20591e-06 7.52136 1.43175
1139 0.000529962 0.00049157 0.000143665 5.20591e-06 7.52136 1.43175
1140 0.000387411 0.000395176 0.000143665 5.20591e-06 7.52136 1.43175
1141 0.000412787 0.000198876 0.000143665 5.20591e-06 7.52136 1.43175
1142 0.000350578 0.000347592 0.000143665 5.20591e-06 7.52136 1.43175
1143 0.00030695 0.00023088 0.000143665 5.20591e-06 7.52136 1.43175
1144 0.000445515 0.000289099 0.000143665 5.20591e-06 7.52136 1.43175
1145 0.000363089 0.000384784 0.000143665 5.20591e-06 7.52136 1.43175
1146 0.000298299 0.000479026 0.000143665 5.20591e-06 7.52136 1.43175
1147 0.000410596 0.000296768 0.000143665 5.20591e-06 7.52136 1.43175
1148 0.000321616 0.000270318 0.000143665 5.20591e-06 7.52136 1.43175
1149 0.000324015 0.000170802 0.000143665 5.20591e-06 7.52136 1.43175
1150 0.000287868 0.000171649 0.000143665 5.20591e-06 7.52136 1.43175
1151 0.00028167 0.000182361 0.000143665 5.20591e-06 7.52136 1.43175
1152 0.000275537 0.00016373 0.000143665 5.20591e-06 7.52136 1.43175
1153 0.00026179 0.000219632 0.000143665 5.20591e-06 7.52136 1.43175
1154 0.000284132 0.00023855 0.000143665 5.20591e-06 7.52136 1.43175
1155 0.000346153 0.000188948 0.000143665 5.20591e-06 7.52136 1.43175
1156 0.00030795 0.000195876 0.000143665 5.20591e-06 7.52136 1.43175
1157 0.000328591 0.000239349 0.000143665 5.20591e-06 7.52136 1.43175
1158 0.000312737 0.000192099 0.000143665 5.20591e-06 7.52136 1.43175
1159 0.000259832 0.000244129 0.000143665 5.20591e-06 7.52136 1.43175
1160 0.000282135 0.000215325 0.000143665 5.20591e-06 7.52136 1.43175
1161 0.000271099 0.00028095 0.000143665 5.20591e-06 7.52136 1.43175
1162 0.000285654 0.000191845 0.000143665 5.20591e-06 7.52136 1.43175
1163 0.000269003 0.000190629 0.000143665 5.20591e-06 7.52136 1.43175
1164 0.000268467 0.00022724 0.000143665 5.20591e-06 7.52136 1.43175
1165 0.000289274 0.000269455 0.000143665 5.20591e-06 7.52136 1.43175
1166 0.000295014 0.000191639 0.000143665 5.20591e-06 7.52136 1.43175
1167 0.000282963 0.000268527 0.000143665 5.20591e-06 7.52136 1.43175
1168 0.000301622 0.000217676 0.000143665 5.20591e-06 7.52136 1.43175
1169 0.000316267 0.000235183 0.000143665 5.20591e-06 7.52136 1.43175
1170 0.000284538 0.000456399 0.000143665 5.20591e-06 7.52136 1.43175
1171 0.000316693 0.000300893 0.000143665 5.20591e-06 7.52136 1.43175
1172 0.000297935 0.000203777 0.000143665 5.20591e-06 7.52136 1.43175
1173 0.000270683 0.000196841 0.000143665 5.20591e-06 7.52136 1.43175
1174 0.000279051 0.000285318 0.000143665 5.20591e-06 7.52136 1.43175
1175 0.000353681 0.000247311 0.000143665 5.20591e-06 7.52136 1.43175
1176 0.000314552 0.000181807 0.000143665 5.20591e-06 7.52136 1.43175
1177 0.00027371 0.000335475 0.000143665 5.20591e-06 7.52136 1.43175
1178 0.000329532 0.000518679 0.000143665 5.20591e-06 7.52136 1.43175
1179 0.000326992 0.000191904 0.000143665 5.20591e-06 7.52136 1.43175
1180 0.000293769 0.000204919 0.000143665 5.20591e-06 7.52136 1.43175
1181 0.000282829 0.000239033 0.000143665 5.20591e-06 7.52136 1.43175
1182 0.000298023 0.000310668 0.000143665 5.20591e-06 7.52136 1.43175
1183 0.0003108 0.000240174 0.000143665 5.20591e-06 7.52136 1.43175
1184 0.000300764 0.00030412 0.000143665 5.20591e-06 7.52136 1.43175
1185 0.000299153 0.000183478 0.000143665 5.20591e-06 7.52136 1.43175
1186 0.000286261 0.000212121 0.000143665 5.20591e-06 7.52136 1.43175
1187 0.000306158 0.000257758 0.000143665 5.20591e-06 7.52136 1.43175
1188 0.000324528 0.000327379 0.000143665 5.20591e-06 7.52136 1.43175
1189 0.000296671 0.000209703 0.000143665 5.20591e-06 7.52136 1.43175
1190 0.00032442 0.000356099 0.000143665 5.20591e-06 7.52136 1.43175
1191 0.000295978 0.000200102 0.000143665 5.20591e-06 7.52136 1.43175
1192 0.000287369 0.000265295 0.000143665 5.20591e-06 7.52136 1.43175
1193 0.000304448 0.000438595 0.000143665 5.20591e-06 7.52136 1.43175
1194 0.000353049 0.000295298 0.000143665 5.20591e-06 7.52136 1.43175
1195 0.00028682 0.000348405 0.000143665 5.20591e-06 7.52136 1.43175
1196 0.000277138 0.000264454 0.000143665 5.20591e-06 7.52136 1.43175
1197 0.000280064 0.00021127 0.000143665 5.20591e-06 7.52136 1.43175
1198 0.000331528 0.000233523 0.000143665 5.20591e-06 7.52136 1.43175
1199 0.000341133 0.000377174 0.000143665 5.20591e-06 7.52136 1.43175
1200 0.000297657 0.000210311 0.000143665 5.20591e-06 7.52136 1.43175
1201 0.000286629 0.000282241 0.000143665 5.20591e-06 7.52136 1.43175
1202 0.000284701 0.000275402 0.000143665 5.20591e-06 7.52136 1.43175
1203 0.000277567 0.000327342 0.000143665 5.20591e-06 7.52136 1.43175
1204 0.00028499 0.000181777 0.000143665 5.20591e-06 7.52136 1.43175
1205 0.00031102 0.000285545 0.000143665 5.20591e-06 7.52136 1.43175
1206 0.000317198 0.000550323 0.000143665 5.20591e-06 7.52136 1.43175
1207 0.000324691 0.000343097 0.000143665 5.20591e-06 7.52136 1.43175
1208 0.000298162 0.000219922 0.000143665 5.20591e-06 7.52136 1.43175
1209 0.000345187 0.00017182 0.000143665 5.20591e-06 7.52136 1.43175
1210 0.000280264 0.00030831 0.000143665 5.20591e-06 7.52136 1.43175
1211 0.000299721 0.000227101 0.000143665 5.20591e-06 7.52136 1.43175
1212 0.000333577 0.000228262 0.000143665 5.20591e-06 7.52136 1.43175
1213 0.00029261 0.000218856 0.000143665 5.20591e-06 7.52136 1.43175
1214 0.000289091 0.000280405 0.000143665 5.20591e-06 7.52136 1.43175
1215 0.000309912 0.000215483 0.000143665 5.20591e-06 7.52136 1.43175
1216 0.000305964 0.000456333 0.000143665 5.20591e-06 7.52136 1.43175
1217 0.000319092 0.000169413 0.000143665 5.20591e-06 7.52136 1.43175
1218 0.000278998 0.0002739 0.000143665 5.20591e-06 7.52136 1.43175
1219 0.000304417 0.000193569 0.000143665 5.20591e-06 7.52136 1.43175
1220 0.000286644 0.000420339 0.000143665 5.20591e-06 7.52136 1.43175
1221 0.000321623 0.000172389 0.000143665 5.20591e-06 7.52136 1.43175
1222 0.000332445 0.000258584 0.000143665 5.20591e-06 7.52136 1.43175
1223 0.000295686 0.000197571 0.000143665 5.20591e-06 7.52136 1.43175
1224 0.000272291 0.000342381 0.000143665 5.20591e-06 7.52136 1.43175
1225 0.000333434 0.00035746 0.000143665 5.20591e-06 7.52136 1.43175
1226 0.000271396 0.000225249 0.000143665 5.20591e-06 7.52136 1.43175
1227 0.000390881 0.000270454 0.000143665 5.20591e-06 7.52136 1.43175
1228 0.000383267 0.000368519 0.000143665 5.20591e-06 7.52136 1.43175
1229 0.000291479 0.000334395 0.000143665 5.20591e-06 7.52136 1.43175
1230 0.000288319 0.000237233 0.000143665 5.20591e-06 7.52136 1.43175
1231 0.00028662 0.000254721 0.000143665 5.20591e-06 7.52136 1.43175
1232 0.000289612 0.000195775 0.000143665 5.20591e-06 7.52136 1.43175
1233 0.000321944 0.000196001 0.000143665 5.20591e-06 7.52136 1.43175
1234 0.000341433 0.000248909 0.000143665 5.20591e-06 7.52136 1.43175
1235 0.00026167 0.000200926 0.000143665 5.20591e-06 7.52136 1.43175
1236 0.00030958 0.00028975 0.000143665 5.20591e-06 7.52136 1.43175
1237 0.000287952 0.00026555 0.000143665 5.20591e-06 7.52136 1.43175
1238 0.000299694 0.000280888 0.000143665 5.20591e-06 7.52136 1.43175
1239 0.000310928 0.00037815 0.000143665 5.20591e-06 7.52136 1.43175
1240 0.000288345 0.000323566 0.000143665 5.20591e-06 7.52136 1.43175
1241 0.000339843 0.000307713 0.000143665 5.20591e-06 7.52136 1.43175
1242 0.000282636 0.000180129 0.000143665 5.20591e-06 7.52136 1.43175
1243 0.000292462 0.000160193 0.000143665 5.20591e-06 7.52136 1.43175
1244 0.000280585 0.000296809 0.000143665 5.20591e-06 7.52136 1.43175
1245 0.000288308 0.000256772 0.000143665 5.20591e-06 7.52136 1.43175
1246 0.000336074 0.000293329 0.000143665 5.20591e-06 7.52136 1.43175
1247 0.000304883 0.00021827 0.000143665 5.20591e-06 7.52136 1.43175
1248 0.000302157 0.000171233 0.000143665 5.20591e-06 7.52136 1.43175
1249 0.000269395 0.000246558 0.000143665 5.20591e-06 7.52136 1.43175
1250 0.000262838 0.000206792 0.000143665 5.20591e-06 7.52136 1.43175
1251 0.000283727 0.000201922 0.000143665 5.20591e-06 7.52136 1.43175
1252 0.000274943 0.000239674 0.000143665 5.20591e-06 7.52136 1.43175
1253 0.000262444 0.000242848 0.000143665 5.20591e-06 7.52136 1.43175
1254 0.000281617 0.000202409 0.000143665 5.20591e-06 7.52136 1.43175
1255 0.000262719 0.000221649 0.000143665 5.20591e-06 7.52136 1.43175
1256 0.000263184 0.000220355 0.000143665 5.20591e-06 7.52136 1.43175
1257 0.000278686 0.000262694 0.000143665 5.20591e-06 7.52136 1.43175
1258 0.000279382 0.000232967 0.000143665 5.20591e-06 7.52136 1.43175
1259 0.00026208 0.000211526 0.000143665 5.20591e-06 7.52136 1.43175
1260 0.000275467 0.00024104 0.000143665 5.20591e-06 7.52136 1.43175
1261 0.000262029 0.000191676 0.000143665 5.20591e-06 7.52136 1.43175
1262 0.000261356 0.000196122 0.000143665 5.20591e-06 7.52136 1.43175
1263 0.00026892 0.000211976 0.000143665 5.20591e-06 7.52136 1.43175
1264 0.00026324 0.000232933 0.000143665 5.20591e-06 7.52136 1.43175
1265 0.000316098 0.000257222 0.000143665 5.20591e-06 7.52136 1.43175
1266 0.000284365 0.000175374 0.000143665 5.20591e-06 7.52136 1.43175
1267 0.000269017 0.000207585 0.000143665 5.20591e-06 7.52136 1.43175
1268 0.000273486 0.000229971 0.000143665 5.20591e-06 7.52136 1.43175
1269 0.000265184 0.000199729 0.000143665 5.20591e-06 7.52136 1.43175
1270 0.000262704 0.000220366 0.000143665 5.20591e-06 7.52136 1.43175
1271 0.000275294 0.000273712 0.000143665 5.20591e-06 7.52136 1.43175
1272 0.000271834 0.000189889 0.000143665 5.20591e-06 7.52136 1.43175
1273 0.000266206 0.000187315 0.000143665 5.20591e-06 7.52136 1.43175
1274 0.000265299 0.000209362 0.000143665 5.20591e-06 7.52136 1.43175
1275 0.000270062 0.00022942 0.000143665 5.20591e-06 7.52136 1.43175
1276 0.000274481 0.000233038 0.000143665 5.20591e-06 7.52136 1.43175
1277 0.000309312 0.000198916 0.000143665 5.20591e-06 7.52136 1.43175
1278 0.000257364 0.000202526 0.000143665 5.20591e-06 7.52136 1.43175
1279 0.000267074 0.000215517 0.000143665 5.20591e-06 7.52136 1.43175
1280 0.000257383 0.000173352 0.000143665 5.20591e-06 7.52136 1.43175
1281 0.000258162 0.000255533 0.000143665 5.20591e-06 7.52136 1.43175
1282 0.000266584 0.000159627 0.000143665 5.20591e-06 7.52136 1.43175
1283 0.000301778 0.000209318 0.000143665 5.20591e-06 7.52136 1.43175
1284 0.000282339 0.000210251 0.000143665 5.20591e-06 7.52136 1.43175
1285 0.000257767 0.000154482 0.000143665 5.20591e-06 7.52136 1.43175
1286 0.000279634 0.000207228 0.000143665 5.20591e-06 7.52136 1.43175
1287 0.000292784 0.000312341 0.000143665 5.20591e-06 7.52136 1.43175
1288 0.000274246 0.000233591 0.000143665 5.20591e-06 7.52136 1.43175
1289 0.000259386 0.000257143 0.000143665 5.20591e-06 7.52136 1.43175
1290 0.000271818 0.00023109 0.000143665 5.20591e-06 7.52136 1.43175
1291 0.000284583 0.000195391 0.000143665 5.20591e-06 7.52136 1.43175
1292 0.000272764 0.000170597 0.000143665 5.20591e-06 7.52136 1.43175
1293 0.000285826 0.000309108 0.000143665 5.20591e-06 7.52136 1.43175
1294 0.000271448 0.000237207 0.000143665 5.20591e-06 7.52136 1.43175
1295 0.000272402 0.000213869 0.000143665 5.20591e-06 7.52136 1.43175
1296 0.000257417 0.000204477 0.000143665 5.20591e-06 7.52136 1.43175
1297 0.000299118 0.000282473 0.000143665 5.20591e-06 7.52136 1.43175
1298 0.00029602 0.000187395 0.000143665 5.20591e-06 7.52136 1.43175
1299 0.000260204 0.000184545 0.000143665 5.20591e-06 7.52136 1.43175
1300 0.000276385 0.000229252 0.000143665 5.20591e-06 7.52136 1.43175
1301 0.000265646 0.000257597 0.000143665 5.20591e-06 7.52136 1.43175
1302 0.000268061 0.000215949 0.000143665 5.20591e-06 7.52136 1.43175
1303 0.000351793 0.00019341 0.000143665 5.20591e-06 7.52136 1.43175
1304 0.00034873 0.000157442 0.000143665 5.20591e-06 7.52136 1.43175
1305 0.000269808 0.000244435 0.000143665 5.20591e-06 7.52136 1.43175
1306 0.000265878 0.000213816 0.000143665 5.20591e-06 7.52136 1.43175
1307 0.000248054 0.000211743 0.000143665 5.20591e-06 7.52136 1.43175
1308 0.000268857 0.000314321 0.000143665 5.20591e-06 7.52136 1.43175
1309 0.00028259 0.000232246 0.000143665 5.20591e-06 7.52136 1.43175
1310 0.000265328 0.000399445 0.000143665 5.20591e-06 7.52136 1.43175
1311 0.000273651 0.000206604 0.000143665 5.20591e-06 7.52136 1.43175
1312 0.000284644 0.000175729 0.000143665 5.20591e-06 7.52136 1.43175
1313 0.000270713 0.000211187 0.000143665 5.20591e-06 7.52136 1.43175
1314 0.000261756 0.000210295 0.000143665 5.20591e-06 7.52136 1.43175
1315 0.000264977 0.000218731 0.000143665 5.20591e-06 7.52136 1.43175
1316 0.00026586 0.000253832 0.000143665 5.20591e-06 7.52136 1.43175
1317 0.000271433 0.000198683 0.000143665 5.20591e-06 7.52136 1.43175
1318 0.000291729 0.00031282 0.000143665 5.20591e-06 7.52136 1.43175
1319 0.000282403 0.000174392 0.000143665 5.20591e-06 7.52136 1.43175
1320 0.000277505 0.000204602 0.000143665 5.20591e-06 7.52136 1.43175
1321 0.00028845 0.000188644 0.000143665 5.20591e-06 7.52136 1.43175
1322 0.000263812 0.00027343 0.000143665 5.20591e-06 7.52136 1.43175
1323 0.000278457 0.000267662 0.000143665 5.20591e-06 7.52136 1.43175
1324 0.000302466 0.000186824 0.000143665 5.20591e-06 7.52136 1.43175
1325 0.000275103 0.000206784 0.000143665 5.20591e-06 7.52136 1.43175
1326 0.000272606 0.000224617 0.000143665 5.20591e-06 7.52136 1.43175
1327 0.000287801 0.000275274 0.000143665 5.20591e-06 7.52136 1.43175
1328 0.000280041 0.000178069 0.000143665 5.20591e-06 7.52136 1.43175
1329 0.000272768 0.000231267 0.000143665 5.20591e-06 7.52136 1.43175
1330 0.000271209 0.000212554 0.000143665 5.20591e-06 7.52136 1.43175
1331 0.000296553 0.000223468 0.000143665 5.20591e-06 7.52136 1.43175
1332 0.000276343 0.000260817 0.000143665 5.20591e-06 7.52136 1.43175
1333 0.000259542 0.000209304 0.000143665 5.20591e-06 7.52136 1.43175
1334 0.000263129 0.000240834 0.000143665 5.20591e-06 7.52136 1.43175
1335 0.000278064 0.000186017 0.000143665 5.20591e-06 7.52136 1.43175
1336 0.000256518 0.000174979 0.000143665 5.20591e-06 7.52136 1.43175
1337 0.00026953 0.000227835 0.000143665 5.20591e-06 7.52136 1.43175
1338 0.000264253 0.000223439 0.000143665 5.20591e-06 7.52136 1.43175
1339 0.000257419 0.000240234 0.000143665 5.20591e-06 7.52136 1.43175
1340 0.000263845 0.000182322 0.000143665 5.20591e-06 7.52136 1.43175
1341 0.000271421 0.000236417 0.000143665 5.20591e-06 7.52136 1.43175
1342 0.000273555 0.000250817 0.000143665 5.20591e-06 7.52136 1.43175
1343 0.000273822 0.000227609 0.000143665 5.20591e-06 7.52136 1.43175
1344 0.000286555 0.000184969 0.000143665 5.20591e-06 7.52136 1.43175
1345 0.000275381 0.000206839 0.000143665 5.20591e-06 7.52136 1.43175
1346 0.000269453 0.000203329 0.000143665 5.20591e-06 7.52136 1.43175
1347 0.000289859 0.000262946 0.000143665 5.20591e-06 7.52136 1.43175
1348 0.000287022 0.000397515 0.000143665 5.20591e-06 7.52136 1.43175
